838,838,0.061019,0.0094822,10,0.5,100,26,0
845.35,886.07,0.027806,0.0066505,10,0.5,100,21,1
939.88,978.13,0.029353,0.0062641,10,0.5,100,24,2
568.03,607.76,0.026498,0.0063804,10,0.5,100,17,3
837.93,900.58,0.02648,0.0061666,10,0.5,100,23,4
1062.1,1111.7,0.025964,0.0063298,10,0.5,100,24,5
790,790,0.025142,0.0059958,10,0.5,100,17,6
628,628,0.025654,0.0059515,10,0.5,100,13,7
1036.4,1106,0.024656,0.0058747,10,0.5,100,24,8
786.41,808.77,0.028083,0.006109,10,0.5,100,24,9
62.73,65.623,0.025596,0.0064969,10,0.5,10,20,0
84,84,0.023402,0.0061214,10,0.5,10,21,1
90.96,94.045,0.027306,0.0063313,10,0.5,10,19,2
76.68,81.954,0.027742,0.0059961,10,0.5,10,21,3
62.95,68.973,0.027941,0.0060169,10,0.5,10,18,4
123.62,129.49,0.029827,0.0062647,10,0.5,10,27,5
90.08,95.565,0.026169,0.005975,10,0.5,10,20,6
129.59,139.83,0.029672,0.0059618,10,0.5,10,29,7
74.35,80.929,0.024065,0.0059608,10,0.5,10,19,8
84.52,89.375,0.022965,0.005875,10,0.5,10,22,9
124.46,135.92,0.023994,0.0061756,10,0.5,15,21,0
150.71,157.83,0.030745,0.0059106,10,0.5,15,26,1
137.14,145.2,0.026552,0.0058371,10,0.5,15,24,2
145.52,154.18,0.025223,0.0059633,10,0.5,15,31,3
128.93,137.92,0.025145,0.0059874,10,0.5,15,22,4
148.04,157.44,0.024967,0.0058181,10,0.5,15,23,5
146.93,159.7,0.028394,0.0058253,10,0.5,15,24,6
136.03,144.2,0.026313,0.0060193,10,0.5,15,20,7
144.36,152.25,0.030496,0.0059955,10,0.5,15,21,8
158.65,165.93,0.029282,0.0062795,10,0.5,15,29,9
17.97,19.331,0.031884,0.0058069,10,0.5,1,26,0
15.28,16.104,0.030255,0.0059106,10,0.5,1,21,1
17.17,18.444,0.02688,0.0059407,10,0.5,1,23,2
18.61,19.01,0.028629,0.0059271,10,0.5,1,24,3
16.23,17.416,0.029293,0.0059087,10,0.5,1,24,4
14.36,15.187,0.026818,0.0061003,10,0.5,1,20,5
14.32,15.734,0.034505,0.0061973,10,0.5,1,20,6
17.35,18.446,0.029364,0.0060931,10,0.5,1,25,7
17.16,18.413,0.026491,0.0063855,10,0.5,1,23,8
17.32,18.665,0.026599,0.0059042,10,0.5,1,24,9
192,192,0.028759,0.005872,10,0.5,20,24,0
197.83,210.02,0.025136,0.0058371,10,0.5,20,24,1
177.9,194.18,0.024108,0.0060187,10,0.5,20,24,2
164.51,179.39,0.026349,0.0059633,10,0.5,20,22,3
153.26,163.86,0.026716,0.0060045,10,0.5,20,22,4
148.8,156.65,0.025964,0.0058955,10,0.5,20,24,5
167.75,181.33,0.027819,0.0058392,10,0.5,20,19,6
182.78,193.05,0.022564,0.0060413,10,0.5,20,26,7
160.73,171.52,0.031005,0.0062605,10,0.5,20,22,8
168.83,177.31,0.030164,0.0059449,10,0.5,20,24,9
265.75,277.84,0.028794,0.0057979,10,0.5,25,24,0
253.04,262.63,0.034487,0.0058946,10,0.5,25,26,1
195.58,213.07,0.026625,0.0058076,10,0.5,25,24,2
234.75,250.63,0.028355,0.0062563,10,0.5,25,21,3
216.93,234.62,0.0263,0.0059669,10,0.5,25,24,4
335.79,367.94,0.030366,0.006131,10,0.5,25,25,5
248.37,270.86,0.037016,0.0061277,10,0.5,25,21,6
141.67,149.8,0.02817,0.0059371,10,0.5,25,20,7
296.06,315.09,0.025175,0.0060355,10,0.5,25,29,8
165.91,175.17,0.027835,0.0057913,10,0.5,25,17,9
326.41,347.22,0.027168,0.0058756,10,0.5,30,29,0
216.37,228.97,0.026549,0.0057976,10,0.5,30,23,1
300.2,326.32,0.027725,0.0058578,10,0.5,30,28,2
243.31,263.1,0.024099,0.0058479,10,0.5,30,18,3
346.18,361.19,0.025675,0.0057919,10,0.5,30,30,4
244.9,261.34,0.029032,0.0058491,10,0.5,30,24,5
222.16,240.39,0.02499,0.0058289,10,0.5,30,22,6
221.26,237.99,0.023643,0.005831,10,0.5,30,19,7
291.12,315.63,0.027614,0.0058196,10,0.5,30,22,8
268.59,295.76,0.023524,0.0059106,10,0.5,30,24,9
227.46,236.5,0.029276,0.0058443,10,0.5,35,20,0
314.94,331.61,0.022513,0.0057717,10,0.5,35,23,1
337.73,352.93,0.026501,0.0059021,10,0.5,35,26,2
320.44,338.68,0.026886,0.005944,10,0.5,35,24,3
255.61,262.19,0.027695,0.0057317,10,0.5,35,19,4
288.29,300.79,0.025479,0.0058856,10,0.5,35,19,5
248.94,264.5,0.025478,0.0058654,10,0.5,35,20,6
432,432,0.025824,0.0058735,10,0.5,35,26,7
376.58,389.56,0.029062,0.0058398,10,0.5,35,24,8
269.49,288.09,0.025029,0.0058898,10,0.5,35,15,9
323.07,341.49,0.029169,0.0059319,10,0.5,40,25,0
319.96,354.9,0.023367,0.0058338,10,0.5,40,19,1
438.28,466.52,0.027219,0.005769,10,0.5,40,27,2
337,355.73,0.026682,0.005794,10,0.5,40,27,3
392.57,425.97,0.025278,0.0058705,10,0.5,40,23,4
346.44,368.97,0.028635,0.0059328,10,0.5,40,24,5
328.13,346.93,0.027237,0.0058853,10,0.5,40,22,6
401.63,414.13,0.024299,0.0059187,10,0.5,40,19,7
386.64,400.53,0.026354,0.0058609,10,0.5,40,26,8
288.57,311.16,0.024161,0.0058762,10,0.5,40,21,9
391.5,419.81,0.024259,0.0059048,10,0.5,45,27,0
411.85,449.25,0.02612,0.0057958,10,0.5,45,22,1
345.97,377.29,0.027255,0.0057934,10,0.5,45,23,2
536.05,571.37,0.027735,0.0058066,10,0.5,45,26,3
252,252,0.02264,0.0060629,10,0.5,45,12,4
289.32,304.37,0.025921,0.0059895,10,0.5,45,19,5
489.57,526.55,0.024644,0.0058404,10,0.5,45,29,6
343.45,366.78,0.030755,0.0059316,10,0.5,45,19,7
452.69,474.44,0.027633,0.0058136,10,0.5,45,23,8
373.9,395.54,0.021344,0.0059949,10,0.5,45,23,9
523.69,570.82,0.026481,0.006674,10,0.5,50,24,0
503.51,552.18,0.028575,0.0059633,10,0.5,50,28,1
517.81,546.53,0.034919,0.0061211,10,0.5,50,23,2
377,377,0.038497,0.0058127,10,0.5,50,20,3
542.7,569.22,0.026765,0.0057464,10,0.5,50,26,4
419,449.99,0.024249,0.0059874,10,0.5,50,25,5
498.77,532.94,0.026135,0.0059395,10,0.5,50,23,6
493.37,533.77,0.029339,0.0059518,10,0.5,50,23,7
365,365,0.025131,0.0058967,10,0.5,50,17,8
553.27,595.74,0.026988,0.0057612,10,0.5,50,26,9
463.26,488.28,0.027032,0.0062364,10,0.5,55,18,0
481.33,522.19,0.026212,0.0059006,10,0.5,55,19,1
461.55,491.74,0.027612,0.0058491,10,0.5,55,25,2
587.9,642.09,0.024655,0.0062078,10,0.5,55,27,3
453.65,476.34,0.026724,0.0057973,10,0.5,55,21,4
586.11,595.02,0.025786,0.0059934,10,0.5,55,20,5
381.37,413.31,0.026055,0.0058609,10,0.5,55,19,6
436,436,0.027555,0.0060964,10,0.5,55,17,7
614.38,660.32,0.026505,0.005772,10,0.5,55,32,8
400.74,426.75,0.024881,0.0058904,10,0.5,55,18,9
50.2,54.117,0.028856,0.0059205,10,0.5,5,25,0
40.3,43.023,0.026811,0.0058527,10,0.5,5,22,1
57.33,62.423,0.026291,0.0057979,10,0.5,5,26,2
45.57,50.278,0.026434,0.0059985,10,0.5,5,24,3
58.16,60.38,0.024426,0.0062253,10,0.5,5,24,4
45.37,48.999,0.025959,0.0059497,10,0.5,5,22,5
47,47,0.022648,0.0057813,10,0.5,5,18,6
42,42,0.02255,0.0058079,10,0.5,5,20,7
54.66,57.502,0.027476,0.0058741,10,0.5,5,25,8
59.86,63.87,0.028962,0.0065611,10,0.5,5,24,9
331.2,350.9,0.02439,0.0058636,10,0.5,60,20,0
431.09,460.36,0.02676,0.0059355,10,0.5,60,18,1
469.26,500.11,0.029437,0.005775,10,0.5,60,22,2
541.65,586.11,0.025526,0.0059605,10,0.5,60,20,3
738,738,0.025599,0.005841,10,0.5,60,27,4
458.34,501.28,0.027684,0.0058443,10,0.5,60,22,5
557.59,587.66,0.028979,0.0059618,10,0.5,60,27,6
427.21,447.62,0.022408,0.0066511,10,0.5,60,16,7
475,475,0.025226,0.0059452,10,0.5,60,20,8
604.25,634.28,0.029511,0.0059413,10,0.5,60,24,9
741.03,810.29,0.02365,0.0059048,10,0.5,65,27,0
615,615,0.025163,0.0058325,10,0.5,65,20,1
592,592,0.031282,0.0058822,10,0.5,65,21,2
694.9,740.62,0.025973,0.0061232,10,0.5,65,26,3
560.13,582.13,0.028053,0.0058916,10,0.5,65,22,4
545.25,582.38,0.028405,0.0057931,10,0.5,65,21,5
672.36,691.48,0.028126,0.0058591,10,0.5,65,24,6
571.51,606.89,0.025632,0.0058443,10,0.5,65,21,7
500.31,528.02,0.027815,0.0060163,10,0.5,65,26,8
584.55,633.55,0.0268,0.0059464,10,0.5,65,22,9
583.18,603.98,0.027958,0.0057524,10,0.5,70,18,0
566.02,617.57,0.024443,0.0058732,10,0.5,70,21,1
629.78,679.51,0.026936,0.0058042,10,0.5,70,21,2
692.5,720.22,0.02302,0.0059193,10,0.5,70,26,3
535.14,576.33,0.025879,0.0058319,10,0.5,70,21,4
479.61,507.83,0.027591,0.0057934,10,0.5,70,20,5
526.56,567.41,0.027505,0.0058316,10,0.5,70,22,6
638.72,698.17,0.033043,0.0059696,10,0.5,70,21,7
615.73,662.38,0.024743,0.0060259,10,0.5,70,24,8
737.37,788.7,0.026055,0.0059874,10,0.5,70,26,9
790.79,829.67,0.028035,0.005966,10,0.5,75,25,0
760.98,800.25,0.025873,0.0063075,10,0.5,75,28,1
557.92,597.16,0.033195,0.0060163,10,0.5,75,22,2
500.47,543.78,0.028825,0.0062759,10,0.5,75,20,3
635.4,692.46,0.02638,0.0057771,10,0.5,75,18,4
665.74,694.86,0.028772,0.0058265,10,0.5,75,22,5
695.53,721.53,0.028483,0.0069671,10,0.5,75,22,6
788.89,859.35,0.026279,0.0059154,10,0.5,75,28,7
531.26,570.67,0.024267,0.0057678,10,0.5,75,17,8
684.27,707.21,0.025856,0.0057853,10,0.5,75,20,9
812.08,854.91,0.025728,0.0059952,10,0.5,80,26,0
608,608,0.023763,0.0059795,10,0.5,80,17,1
787.58,848.93,0.024839,0.005909,10,0.5,80,29,2
562.49,594.14,0.028699,0.005831,10,0.5,80,21,3
860.08,879.82,0.029238,0.0057771,10,0.5,80,24,4
824.76,888.93,0.027322,0.0058322,10,0.5,80,24,5
660.11,702.18,0.024982,0.0057711,10,0.5,80,20,6
585.88,639.93,0.022989,0.0062352,10,0.5,80,22,7
807.37,855.96,0.027436,0.0059726,10,0.5,80,25,8
864.15,910.5,0.026655,0.0059801,10,0.5,80,25,9
488.62,506.87,0.029877,0.0062027,10,0.5,85,20,0
713.67,764.5,0.026299,0.0058934,10,0.5,85,24,1
537.53,578.32,0.021674,0.0058404,10,0.5,85,18,2
656.1,682.65,0.024239,0.0057759,10,0.5,85,27,3
904.97,971.02,0.025496,0.0057723,10,0.5,85,27,4
851.16,904.97,0.029548,0.0058072,10,0.5,85,26,5
637.26,680.65,0.026395,0.0062855,10,0.5,85,21,6
914.71,969.48,0.02681,0.0064274,10,0.5,85,24,7
708.46,759.49,0.024595,0.0059036,10,0.5,85,19,8
719.14,788.06,0.025413,0.0058539,10,0.5,85,24,9
605.95,653.6,0.030001,0.0059488,10,0.5,90,18,0
865,901.93,0.02634,0.0058871,10,0.5,90,30,1
734.29,787.09,0.025555,0.0058521,10,0.5,90,21,2
633.94,684.22,0.025891,0.0059003,10,0.5,90,20,3
809.62,873.78,0.023806,0.0060066,10,0.5,90,21,4
935.76,997.85,0.025782,0.0059235,10,0.5,90,26,5
802.76,865.08,0.026257,0.0059482,10,0.5,90,25,6
954.56,1001.6,0.026605,0.0058976,10,0.5,90,25,7
759.83,808.97,0.022217,0.0058398,10,0.5,90,24,8
812,812,0.025388,0.0060747,10,0.5,90,19,9
864.84,901.91,0.027922,0.0059319,10,0.5,95,22,0
969.93,1006.8,0.025875,0.0058545,10,0.5,95,26,1
912,912,0.025324,0.0063265,10,0.5,95,22,2
956.8,1039.6,0.026662,0.0058509,10,0.5,95,22,3
789.25,861.77,0.025675,0.0059608,10,0.5,95,19,4
821.09,870.75,0.027368,0.0059133,10,0.5,95,20,5
950.18,1007.9,0.028177,0.0057964,10,0.5,95,23,6
786.47,840.13,0.024784,0.0059124,10,0.5,95,25,7
952.89,1016.9,0.02628,0.0058756,10,0.5,95,25,8
799.07,865.47,0.023074,0.0060497,10,0.5,95,25,9
1402.4,1478.3,0.026982,0.0059979,10,1,100,45,0
1329.8,1407.1,0.023985,0.0058027,10,1,100,45,1
1356,1437.3,0.025667,0.0058705,10,1,100,45,2
1463.3,1496.8,0.027758,0.0059003,10,1,100,45,3
1528,1611.5,0.02572,0.0059283,10,1,100,45,4
1457.3,1517,0.026718,0.0060009,10,1,100,45,5
1576.6,1652.8,0.028352,0.0064015,10,1,100,45,6
1508.2,1576.5,0.030419,0.0059139,10,1,100,45,7
1275.2,1363.7,0.025691,0.0061196,10,1,100,45,8
1376,1458,0.025685,0.005816,10,1,100,45,9
157.6,165.45,0.028272,0.0058136,10,1,10,45,0
153.56,161.32,0.030835,0.0058247,10,1,10,45,1
156.66,166.99,0.029615,0.0057988,10,1,10,45,2
140.34,146.85,0.02745,0.0058569,10,1,10,45,3
155.1,164.36,0.025433,0.0057103,10,1,10,45,4
150.75,159.79,0.025706,0.0057509,10,1,10,45,5
158.32,166.97,0.026705,0.0058289,10,1,10,45,6
149.62,159.37,0.026063,0.0058672,10,1,10,45,7
163,163,0.028591,0.0058371,10,1,10,45,8
148.25,154.13,0.026941,0.0057982,10,1,10,45,9
238.04,249.84,0.024793,0.0059669,10,1,15,45,0
226.62,238.26,0.024954,0.0058003,10,1,15,45,1
235.39,244.87,0.02928,0.0058353,10,1,15,45,2
228.38,239.23,0.027258,0.0058828,10,1,15,45,3
269,269,0.027598,0.0057301,10,1,15,45,4
208.56,216.22,0.027073,0.0058175,10,1,15,45,5
233.39,243.98,0.025395,0.0058714,10,1,15,45,6
247.3,261.86,0.026353,0.0058199,10,1,15,45,7
189.3,201.32,0.025409,0.0058931,10,1,15,45,8
262.14,272.48,0.025776,0.0057488,10,1,15,45,9
23.92,25,0.012361,0.0058362,10,1,1,45,0
24.16,25,0.012453,0.005819,10,1,1,45,1
23.96,25,0.012246,0.0058563,10,1,1,45,2
24.04,25,0.01253,0.0059175,10,1,1,45,3
24.08,25,0.012373,0.0057612,10,1,1,45,4
24.05,25,0.012446,0.0057925,10,1,1,45,5
23.97,25,0.012893,0.0057548,10,1,1,45,6
23.98,25,0.012535,0.005803,10,1,1,45,7
24.09,25,0.012668,0.0058341,10,1,1,45,8
24.08,25,0.013023,0.0072836,10,1,1,45,9
308.58,322.32,0.029104,0.0060045,10,1,20,45,0
329.89,351.55,0.025637,0.005963,10,1,20,45,1
271.35,284.81,0.030492,0.0058247,10,1,20,45,2
301.8,320.44,0.02707,0.0064704,10,1,20,45,3
293.5,305.86,0.024979,0.0062361,10,1,20,45,4
291.3,309.94,0.02612,0.0063804,10,1,20,45,5
311.53,325.24,0.028984,0.0058271,10,1,20,45,6
279.45,298.86,0.026001,0.0058482,10,1,20,45,7
317.74,329.4,0.025947,0.0057898,10,1,20,45,8
276.97,290.86,0.027961,0.0057783,10,1,20,45,9
366.78,393.66,0.02538,0.0057678,10,1,25,45,0
399,399,0.027332,0.005875,10,1,25,45,1
382.47,401.3,0.025654,0.0057389,10,1,25,45,2
343.74,364.32,0.027929,0.0059714,10,1,25,45,3
336.15,355.12,0.023537,0.0061964,10,1,25,45,4
355.03,369.57,0.026911,0.0059518,10,1,25,45,5
343.58,360.35,0.026733,0.0059072,10,1,25,45,6
353.57,378.35,0.024991,0.0058925,10,1,25,45,7
380.53,398.8,0.027489,0.0060196,10,1,25,45,8
439,439,0.028266,0.0059605,10,1,25,45,9
461.5,490.06,0.025221,0.005878,10,1,30,45,0
404.29,435.68,0.026487,0.0058097,10,1,30,45,1
471.01,494.43,0.025377,0.005972,10,1,30,45,2
399.94,417.47,0.025025,0.0059389,10,1,30,45,3
515.4,530.59,0.02484,0.006044,10,1,30,45,4
438.58,462.46,0.027154,0.0059572,10,1,30,45,5
485.7,517.1,0.024875,0.0058633,10,1,30,45,6
488.71,517.84,0.025133,0.0059172,10,1,30,45,7
491.18,508.07,0.026638,0.0059539,10,1,30,45,8
477.43,502.39,0.025334,0.0058253,10,1,30,45,9
498.46,522.97,0.024893,0.0058735,10,1,35,45,0
529.41,539.37,0.026958,0.0058247,10,1,35,45,1
558.49,582.58,0.025948,0.0058804,10,1,35,45,2
523.39,556.84,0.025378,0.0058741,10,1,35,45,3
525.44,544.58,0.027146,0.0061331,10,1,35,45,4
512.95,523.35,0.025705,0.0059404,10,1,35,45,5
474.08,509.52,0.027361,0.0058374,10,1,35,45,6
517.56,536.28,0.026914,0.0059855,10,1,35,45,7
531.28,568.82,0.0273,0.0059051,10,1,35,45,8
555.16,583.4,0.024976,0.0061147,10,1,35,45,9
595.79,626.94,0.024832,0.0058184,10,1,40,45,0
601.6,618.91,0.027027,0.005797,10,1,40,45,1
636.35,678.98,0.025866,0.0058027,10,1,40,45,2
547.92,562.11,0.027513,0.0058069,10,1,40,45,3
549.24,573.3,0.025257,0.0059133,10,1,40,45,4
699.64,726.62,0.02923,0.0059024,10,1,40,45,5
519.33,540.84,0.024444,0.0058347,10,1,40,45,6
597.62,629.28,0.027218,0.0058762,10,1,40,45,7
639.85,656.71,0.025952,0.0059268,10,1,40,45,8
564.47,598.89,0.030248,0.0059464,10,1,40,45,9
713.38,739.79,0.02614,0.0058645,10,1,45,45,0
663.81,683.16,0.024481,0.0060187,10,1,45,45,1
639.84,675.92,0.026361,0.0058868,10,1,45,45,2
619.53,647.8,0.025525,0.0060855,10,1,45,45,3
696.16,725.21,0.026306,0.0058533,10,1,45,45,4
679.18,707.89,0.02592,0.0058991,10,1,45,45,5
609.91,644.46,0.027092,0.0058913,10,1,45,45,6
664.23,694.37,0.027189,0.00575,10,1,45,45,7
660.24,704.75,0.026516,0.0059657,10,1,45,45,8
643.1,675.32,0.027324,0.0060045,10,1,45,45,9
785.07,840.34,0.026457,0.0059765,10,1,50,45,0
727.72,742.58,0.027048,0.005838,10,1,50,45,1
744.27,780.93,0.026541,0.0059563,10,1,50,45,2
692.4,737.6,0.027185,0.0058874,10,1,50,45,3
846.22,882.09,0.024703,0.0058612,10,1,50,45,4
781.23,812.36,0.025963,0.0059012,10,1,50,45,5
828.96,870.68,0.025125,0.0057919,10,1,50,45,6
779.37,806.85,0.026399,0.0060849,10,1,50,45,7
703.67,738.53,0.025791,0.0058229,10,1,50,45,8
795.48,829.45,0.029062,0.0059151,10,1,50,45,9
750.73,799.69,0.026413,0.0059624,10,1,55,45,0
779.06,823.39,0.028712,0.0060557,10,1,55,45,1
810.19,856.87,0.02594,0.0059112,10,1,55,45,2
890.44,924.27,0.027289,0.0058702,10,1,55,45,3
973.34,1017.8,0.025672,0.0058618,10,1,55,45,4
818.64,835.45,0.028671,0.0058973,10,1,55,45,5
819.45,854.68,0.025126,0.0058196,10,1,55,45,6
800.2,847,0.028738,0.0058395,10,1,55,45,7
793.09,808.22,0.028027,0.005888,10,1,55,45,8
756.91,786.86,0.027397,0.0060464,10,1,55,45,9
89.83,94.263,0.026997,0.0060919,10,1,5,45,0
88.66,91.527,0.025101,0.0060693,10,1,5,45,1
84.16,87.643,0.027279,0.0062033,10,1,5,45,2
86.46,90.447,0.028139,0.0059325,10,1,5,45,3
92.55,97.798,0.025665,0.0060277,10,1,5,45,4
91.07,96.54,0.027907,0.005978,10,1,5,45,5
87.51,90.394,0.030055,0.0058401,10,1,5,45,6
84.29,88.846,0.030122,0.0058657,10,1,5,45,7
91.8,96.742,0.026864,0.0060108,10,1,5,45,8
79.2,84.001,0.027073,0.0058988,10,1,5,45,9
923.48,935.13,0.026782,0.0058548,10,1,60,45,0
906.91,949.49,0.025624,0.005844,10,1,60,45,1
893.96,940.81,0.025714,0.0059413,10,1,60,45,2
753.28,803.81,0.029807,0.0059124,10,1,60,45,3
847.9,902.2,0.02964,0.00585,10,1,60,45,4
921.9,950.93,0.027927,0.0065761,10,1,60,45,5
746.79,777.3,0.025029,0.0061157,10,1,60,45,6
943.99,983.22,0.026668,0.005944,10,1,60,45,7
920.73,966.87,0.026958,0.0062129,10,1,60,45,8
933.25,979.04,0.027251,0.0059343,10,1,60,45,9
1011.2,1044.3,0.027008,0.0060708,10,1,65,45,0
922.76,946.57,0.032082,0.0060133,10,1,65,45,1
968.19,1022.4,0.026102,0.0060416,10,1,65,45,2
1084,1084,0.026185,0.0065385,10,1,65,45,3
803.12,813.05,0.02962,0.0057609,10,1,65,45,4
844.53,902.21,0.025412,0.0058473,10,1,65,45,5
1054.4,1102.8,0.024425,0.00586,10,1,65,45,6
928.1,971.67,0.026919,0.0059819,10,1,65,45,7
971.15,999.1,0.031457,0.0061175,10,1,65,45,8
1001,1001,0.037153,0.0057341,10,1,65,45,9
984.07,1039.3,0.028881,0.0057916,10,1,70,45,0
893.35,949.74,0.025913,0.0058304,10,1,70,45,1
1100.7,1134,0.025647,0.0061166,10,1,70,45,2
1004.7,1062.6,0.026593,0.0060157,10,1,70,45,3
952.06,997.7,0.025672,0.0058955,10,1,70,45,4
997.83,1052.4,0.028308,0.0061431,10,1,70,45,5
879.8,942.91,0.026124,0.0058404,10,1,70,45,6
1069.1,1127.3,0.027348,0.0061367,10,1,70,45,7
959.98,1002.4,0.026785,0.0061114,10,1,70,45,8
943.63,1002.6,0.026452,0.0058419,10,1,70,45,9
1080.5,1113,0.030811,0.0061891,10,1,75,45,0
1069.8,1127.7,0.027232,0.0058518,10,1,75,45,1
1023.3,1059.2,0.028924,0.0058142,10,1,75,45,2
1066.7,1133.2,0.027404,0.0057392,10,1,75,45,3
1161,1223.9,0.030866,0.0059386,10,1,75,45,4
1073.8,1126,0.027851,0.0060708,10,1,75,45,5
1164.5,1227.1,0.026145,0.0062614,10,1,75,45,6
1076.4,1135.2,0.027729,0.0059211,10,1,75,45,7
1148.4,1199.7,0.032146,0.0058524,10,1,75,45,8
1193.1,1277.4,0.024169,0.0060235,10,1,75,45,9
1074,1148.6,0.026525,0.0061138,10,1,80,45,0
1187.7,1281.5,0.024968,0.0057112,10,1,80,45,1
1159.4,1223.8,0.026091,0.0058094,10,1,80,45,2
1232.6,1261.7,0.027121,0.0060048,10,1,80,45,3
1294.5,1339.6,0.025145,0.0058479,10,1,80,45,4
1215.1,1280.3,0.025201,0.0058371,10,1,80,45,5
1190.3,1252.8,0.027271,0.0058708,10,1,80,45,6
1123.5,1194.6,0.026574,0.0058295,10,1,80,45,7
1062.4,1103.5,0.024885,0.0059898,10,1,80,45,8
1255.4,1296.3,0.023825,0.0061744,10,1,80,45,9
1327,1395.8,0.025348,0.0058335,10,1,85,45,0
1234.2,1280.3,0.028095,0.0059009,10,1,85,45,1
1330.2,1413.1,0.025138,0.0057557,10,1,85,45,2
1326.3,1387,0.026993,0.005825,10,1,85,45,3
1152.2,1171,0.027134,0.0058789,10,1,85,45,4
1150,1220.8,0.02772,0.0058795,10,1,85,45,5
1276.5,1357.1,0.03155,0.0059482,10,1,85,45,6
1317.4,1376.1,0.028228,0.0059235,10,1,85,45,7
1258,1322.9,0.025615,0.005966,10,1,85,45,8
939.99,998.27,0.032035,0.0059437,10,1,85,45,9
1457,1457,0.027027,0.0059657,10,1,90,45,0
1276.5,1333,0.027234,0.0058877,10,1,90,45,1
1338.3,1442.7,0.026229,0.0058154,10,1,90,45,2
1351.9,1401.5,0.027538,0.0057795,10,1,90,45,3
1312.5,1414.2,0.024906,0.0058834,10,1,90,45,4
1387.2,1448.4,0.024188,0.0059515,10,1,90,45,5
1338.9,1405.8,0.025943,0.0058934,10,1,90,45,6
1225.5,1269.4,0.027296,0.0057603,10,1,90,45,7
1433,1433,0.027592,0.0058741,10,1,90,45,8
1385.7,1448.3,0.030022,0.0058937,10,1,90,45,9
1487.3,1535.6,0.026783,0.0061912,10,1,95,45,0
1251,1315.7,0.02614,0.0059178,10,1,95,45,1
1430.9,1502.3,0.024942,0.0067186,10,1,95,45,2
1465.1,1534.2,0.028447,0.0082519,10,1,95,45,3
1366.4,1463.7,0.028126,0.0058958,10,1,95,45,4
1355.6,1414.5,0.028757,0.0058241,10,1,95,45,5
1235.3,1286.8,0.028911,0.0061196,10,1,95,45,6
1310.2,1341,0.027485,0.0058615,10,1,95,45,7
1339.9,1387.5,0.032783,0.0060548,10,1,95,45,8
1400.9,1497.6,0.024757,0.0058094,10,1,95,45,9
197,197,0.024592,0.0042571,5,0.5,100,6,0
160,160,0.026115,0.0040481,5,0.5,100,5,1
264,264,0.024993,0.0044866,5,0.5,100,5,2
286,286,0.020718,0.0038939,5,0.5,100,4,3
295,295,0.022396,0.0039403,5,0.5,100,5,4
205.13,226,0.019409,0.0062147,5,0.5,100,4,5
237,237,0.027067,0.0039101,5,0.5,100,5,6
237,237,0.021075,0.0039336,5,0.5,100,4,7
94,94,0.021863,0.0042321,5,0.5,100,4,8
354,354,0.025631,0.0040634,5,0.5,100,7,9
24.29,26.61,0.021417,0.0044005,5,0.5,10,6,0
26,26,0.022682,0.003902,5,0.5,10,5,1
20.06,21.672,0.025241,0.0040357,5,0.5,10,5,2
24.46,26.408,0.023743,0.0041038,5,0.5,10,5,3
24.03,25.504,0.02487,0.0039623,5,0.5,10,5,4
36.09,39.419,0.025337,0.0040984,5,0.5,10,7,5
24.5,26.206,0.028703,0.0038734,5,0.5,10,5,6
30,30,0.018313,0.0041387,5,0.5,10,4,7
15,15,0.022207,0.0051697,5,0.5,10,3,8
29,29,0.02329,0.0038773,5,0.5,10,5,9
36.57,40.297,0.024163,0.003927,5,0.5,15,6,0
24,24,0.018626,0.0039556,5,0.5,15,2,1
47.44,50.344,0.024734,0.004136,5,0.5,15,5,2
40.3,43.153,0.023706,0.0041306,5,0.5,15,6,3
23,23,0.025431,0.0039583,5,0.5,15,5,4
18,18,0.021117,0.0039445,5,0.5,15,4,5
31,31,0.024383,0.004174,5,0.5,15,3,6
24,24,0.023632,0.0038912,5,0.5,15,4,7
32,32,0.024878,0.0046282,5,0.5,15,4,8
33.92,36.116,0.02921,0.0041707,5,0.5,15,7,9
4.96,5.4323,0.022076,0.0038921,5,0.5,1,7,0
3,3.25,0.019634,0.0046586,5,0.5,1,4,1
4,4.25,0.022066,0.0039342,5,0.5,1,5,2
4.74,5.1855,0.024819,0.0040083,5,0.5,1,6,3
3,3,0.025707,0.0040689,5,0.5,1,3,4
4.75,5.1855,0.024452,0.00394,5,0.5,1,6,5
4,4.25,0.021086,0.0039403,5,0.5,1,5,6
4,4.5,0.023942,0.0046989,5,0.5,1,6,7
4,4.25,0.024601,0.004308,5,0.5,1,5,8
3,3.25,0.021962,0.0047128,5,0.5,1,4,9
32,32,0.027175,0.0042752,5,0.5,20,4,0
34,34.016,0.020393,0.0039921,5,0.5,20,4,1
62,62,0.028232,0.0039219,5,0.5,20,5,2
45.06,48.279,0.024394,0.0039071,5,0.5,20,5,3
39.49,41.956,0.018912,0.0039924,5,0.5,20,4,4
30.28,32.322,0.024832,0.0040421,5,0.5,20,5,5
54,54,0.025354,0.0039692,5,0.5,20,6,6
38.07,41.374,0.024965,0.0039779,5,0.5,20,7,7
67.56,69.012,0.026255,0.0040583,5,0.5,20,6,8
44,44,0.024593,0.0041634,5,0.5,20,4,9
61,61,0.024513,0.0039758,5,0.5,25,4,0
31,31,0.021935,0.0039032,5,0.5,25,4,1
102,102,0.022593,0.0039291,5,0.5,25,5,2
47,47,0.023629,0.0041014,5,0.5,25,4,3
53.43,58.143,0.02337,0.0040116,5,0.5,25,6,4
51,51,0.021875,0.0040092,5,0.5,25,4,5
18,18,0.022505,0.0040662,5,0.5,25,3,6
24,24,0.018511,0.004071,5,0.5,25,4,7
61,61,0.021546,0.0041586,5,0.5,25,5,8
71,71,0.024389,0.0039342,5,0.5,25,6,9
23,23,0.023764,0.0041794,5,0.5,30,2,0
51,51,0.017827,0.0041237,5,0.5,30,2,1
54,54,0.022213,0.0040589,5,0.5,30,4,2
60.18,65.558,0.025329,0.0040677,5,0.5,30,5,3
89,89,0.024481,0.0039165,5,0.5,30,5,4
20,20,0.019829,0.0041351,5,0.5,30,2,5
43,43,0.028306,0.0043956,5,0.5,30,3,6
128,128,0.023975,0.0040385,5,0.5,30,8,7
49,49,0.022648,0.0043447,5,0.5,30,4,8
41,41,0.020328,0.0040183,5,0.5,30,2,9
134.97,148.91,0.02485,0.0040442,5,0.5,35,8,0
62,62,0.021984,0.0038427,5,0.5,35,4,1
95.78,103.89,0.026268,0.0043023,5,0.5,35,5,2
104,104,0.022983,0.0039228,5,0.5,35,6,3
77.78,81.875,0.027084,0.0041815,5,0.5,35,5,4
45,45,0.026949,0.0040767,5,0.5,35,4,5
135,135,0.024844,0.0041035,5,0.5,35,7,6
54,54,0.023047,0.0038849,5,0.5,35,6,7
82,82,0.025165,0.0042125,5,0.5,35,5,8
31.93,34.991,0.025959,0.0043372,5,0.5,35,4,9
67,67,0.022249,0.0041065,5,0.5,40,4,0
80,80,0.021484,0.0042794,5,0.5,40,4,1
70.7,74.826,0.025002,0.0043023,5,0.5,40,7,2
103.47,115.17,0.024219,0.0040719,5,0.5,40,8,3
94,94,0.021331,0.0038779,5,0.5,40,4,4
89,89,0.020652,0.00393,5,0.5,40,5,5
60,60,0.024455,0.0038671,5,0.5,40,5,6
121,121,0.022447,0.0080594,5,0.5,40,8,7
94,94,0.024975,0.0042399,5,0.5,40,6,8
61.93,68.72,0.024737,0.0042716,5,0.5,40,3,9
47,47,0.022567,0.0040866,5,0.5,45,5,0
124.18,134.37,0.022176,0.0040336,5,0.5,45,7,1
124,124,0.02432,0.0039376,5,0.5,45,5,2
154.28,162.68,0.024886,0.0039418,5,0.5,45,7,3
92,92,0.02811,0.0040249,5,0.5,45,4,4
85,85,0.018483,0.0039686,5,0.5,45,4,5
138,138,0.02447,0.0039415,5,0.5,45,6,6
110,110,0.023957,0.0042176,5,0.5,45,3,7
192,192,0.026571,0.0044697,5,0.5,45,7,8
83,83,0.025012,0.004577,5,0.5,45,4,9
103,103,0.025087,0.0044887,5,0.5,50,5,0
116,116,0.026657,0.0040177,5,0.5,50,6,1
148,148,0.026519,0.0042089,5,0.5,50,7,2
66,66,0.017892,0.0041282,5,0.5,50,2,3
115,115,0.024407,0.0040737,5,0.5,50,6,4
63,63,0.02077,0.0042071,5,0.5,50,3,5
128,128,0.019422,0.0040631,5,0.5,50,4,6
135.67,142.05,0.025204,0.0039942,5,0.5,50,5,7
113,113,0.027278,0.0039065,5,0.5,50,6,8
147,147,0.025283,0.0039888,5,0.5,50,4,9
100,100,0.024123,0.0040141,5,0.5,55,6,0
138,138,0.020032,0.0040183,5,0.5,55,4,1
156,156,0.02358,0.004118,5,0.5,55,8,2
112,112,0.026049,0.0039159,5,0.5,55,6,3
133.19,145.25,0.025344,0.0045655,5,0.5,55,6,4
159,159,0.023303,0.0039409,5,0.5,55,6,5
129,129,0.022472,0.0039092,5,0.5,55,5,6
85,85,0.022089,0.0038707,5,0.5,55,4,7
153,153,0.024306,0.0041737,5,0.5,55,6,8
115.84,117.02,0.023244,0.0040321,5,0.5,55,6,9
14,14,0.022503,0.0038773,5,0.5,5,5,0
13.33,14.024,0.023786,0.0039361,5,0.5,5,8,1
5,5,0.025137,0.0038535,5,0.5,5,3,2
13.32,14.457,0.024245,0.0040659,5,0.5,5,6,3
6,6,0.023621,0.0043267,5,0.5,5,3,4
6,6,0.024966,0.0042978,5,0.5,5,2,5
8,8,0.02309,0.0038698,5,0.5,5,4,6
16.12,17.622,0.017731,0.0042381,5,0.5,5,6,7
13,13,0.02537,0.0038472,5,0.5,5,4,8
17.35,19.032,0.021279,0.0038794,5,0.5,5,7,9
88,88,0.022217,0.0039436,5,0.5,60,4,0
158.73,171.76,0.025294,0.0039129,5,0.5,60,6,1
84,84,0.018097,0.0038824,5,0.5,60,3,2
161,161,0.020206,0.0039794,5,0.5,60,5,3
85.98,92.751,0.018084,0.0040318,5,0.5,60,4,4
44,44,0.0094328,0.0040135,5,0.5,60,1,5
66,66,0.016473,0.0039333,5,0.5,60,2,6
104,104,0.023021,0.0038388,5,0.5,60,5,7
155,155,0.029361,0.0042634,5,0.5,60,4,8
155.75,169.76,0.024361,0.0038355,5,0.5,60,8,9
152.7,165.61,0.024882,0.0039225,5,0.5,65,6,0
204,204,0.021478,0.0039412,5,0.5,65,6,1
241,241,0.021316,0.0039945,5,0.5,65,7,2
67,67,0.023064,0.0041098,5,0.5,65,4,3
89.23,90.161,0.021214,0.0040595,5,0.5,65,5,4
120,120,0.025772,0.0040213,5,0.5,65,4,5
278,278,0.027064,0.0039421,5,0.5,65,6,6
182,182,0.022613,0.0044381,5,0.5,65,4,7
204,204,0.025286,0.0038514,5,0.5,65,6,8
134.12,136,0.025886,0.0050299,5,0.5,65,6,9
237.34,250.42,0.024534,0.0040897,5,0.5,70,8,0
141.87,152.43,0.024618,0.0039876,5,0.5,70,4,1
188.11,196.75,0.02597,0.0040005,5,0.5,70,5,2
206,206,0.020893,0.0040014,5,0.5,70,7,3
129,129,0.021357,0.003883,5,0.5,70,4,4
84,84,0.024726,0.0039177,5,0.5,70,4,5
118,118,0.018898,0.0038698,5,0.5,70,3,6
159.4,170.69,0.021587,0.0040683,5,0.5,70,5,7
227,227,0.023528,0.0039541,5,0.5,70,7,8
168.69,178.09,0.022118,0.0039026,5,0.5,70,5,9
168,168,0.022268,0.0039339,5,0.5,75,6,0
171,171,0.020125,0.0039294,5,0.5,75,4,1
133,133,0.027399,0.0039062,5,0.5,75,5,2
237.74,256.06,0.022744,0.0039357,5,0.5,75,6,3
198.42,215.98,0.025409,0.0038785,5,0.5,75,7,4
180,180,0.021884,0.003812,5,0.5,75,4,5
100,100,0.018442,0.0041252,5,0.5,75,6,6
203.2,220.84,0.021879,0.0039607,5,0.5,75,7,7
172,172,0.024448,0.0041484,5,0.5,75,4,8
210.4,222.99,0.026708,0.0041318,5,0.5,75,5,9
117,117,0.022292,0.0042848,5,0.5,80,4,0
178.72,187.53,0.022812,0.0043357,5,0.5,80,6,1
139.87,142.04,0.026923,0.0040647,5,0.5,80,5,2
186,186,0.028764,0.0041363,5,0.5,80,5,3
172.79,183.3,0.026097,0.0042381,5,0.5,80,6,4
317,317,0.024448,0.0038876,5,0.5,80,8,5
130.5,136.29,0.027055,0.0044806,5,0.5,80,6,6
254,254,0.024412,0.0039315,5,0.5,80,6,7
264,264,0.022979,0.0040607,5,0.5,80,7,8
189.74,209.91,0.027019,0.0040372,5,0.5,80,5,9
230.63,245.45,0.027786,0.0042432,5,0.5,85,7,0
53,53,0.0091102,0.0043682,5,0.5,85,1,1
148.37,158,0.027676,0.0041481,5,0.5,85,6,2
121,121,0.018402,0.0041086,5,0.5,85,3,3
97.4,106.45,0.021027,0.0039029,5,0.5,85,4,4
159.34,176.97,0.021273,0.0039671,5,0.5,85,4,5
115,115,0.0091771,0.0039077,5,0.5,85,2,6
227,227,0.022905,0.0039683,5,0.5,85,4,7
300,300,0.021188,0.0038695,5,0.5,85,7,8
156,156,0.022146,0.0038093,5,0.5,85,5,9
179,179,0.023575,0.0039499,5,0.5,90,4,0
263,263,0.023099,0.0040005,5,0.5,90,7,1
171,171,0.021816,0.0039071,5,0.5,90,3,2
71,71,0.011261,0.0038574,5,0.5,90,2,3
151,151,0.019497,0.0041077,5,0.5,90,4,4
132,132,0.021273,0.0039728,5,0.5,90,4,5
209,209,0.022614,0.0043246,5,0.5,90,6,6
235.88,252.88,0.02876,0.0038671,5,0.5,90,6,7
159,159,0.025968,0.0039177,5,0.5,90,5,8
290.65,309.66,0.02897,0.0039764,5,0.5,90,7,9
128.68,139.95,0.017701,0.0042725,5,0.5,95,3,0
190,190,0.022962,0.0040101,5,0.5,95,4,1
258,258,0.030134,0.0041999,5,0.5,95,6,2
319,319,0.025246,0.0040005,5,0.5,95,5,3
194,210.47,0.02164,0.0039951,5,0.5,95,5,4
132,132,0.016973,0.0045998,5,0.5,95,2,5
194,194,0.020951,0.0041002,5,0.5,95,3,6
56,56,0.024089,0.0042282,5,0.5,95,4,7
332.12,346.32,0.026841,0.0040409,5,0.5,95,7,8
140,140,0.018864,0.0040291,5,0.5,95,2,9
423.38,437.07,0.026368,0.0039397,5,1,100,10,0
365,365,0.022609,0.0039424,5,1,100,10,1
332.54,340.02,0.02538,0.0039592,5,1,100,10,2
354.21,363.09,0.026084,0.0039282,5,1,100,10,3
353.97,382.05,0.026505,0.003855,5,1,100,10,4
258.64,287.57,0.022897,0.004174,5,1,100,10,5
476.46,511,0.024241,0.0038647,5,1,100,10,6
461.51,485.62,0.025981,0.0038571,5,1,100,10,7
285.69,301.8,0.026775,0.003933,5,1,100,10,8
362,362,0.025801,0.0039249,5,1,100,10,9
31.98,32,0.025638,0.003833,5,1,10,10,0
41.15,43.572,0.024007,0.0049085,5,1,10,10,1
33.04,35.094,0.024033,0.0038861,5,1,10,10,2
33.05,35.513,0.025928,0.0040505,5,1,10,10,3
39.46,41.163,0.023411,0.003818,5,1,10,10,4
30.84,32.03,0.022865,0.0039544,5,1,10,10,5
41.4,43.571,0.025182,0.004089,5,1,10,10,6
50,50,0.021903,0.0039008,5,1,10,10,7
38.73,42.647,0.022341,0.0039716,5,1,10,10,8
56,56,0.023037,0.0039391,5,1,10,10,9
45.67,48.167,0.020443,0.0039493,5,1,15,10,0
65.92,72.365,0.021617,0.0040936,5,1,15,10,1
67,67,0.020631,0.0039833,5,1,15,10,2
60,60,0.02342,0.0038261,5,1,15,10,3
53.45,56.586,0.024449,0.0040505,5,1,15,10,4
62,62,0.022128,0.0039848,5,1,15,10,5
73.12,76.4,0.024316,0.0038599,5,1,15,10,6
47.37,50.359,0.022291,0.0038855,5,1,15,10,7
60,60,0.022321,0.0038349,5,1,15,10,8
63.04,67.604,0.028753,0.0038858,5,1,15,10,9
5.92,6.25,0.010406,0.0039508,5,1,1,10,0
5.8,6.25,0.0089886,0.0039216,5,1,1,10,1
5.82,6.25,0.0093698,0.0040478,5,1,1,10,2
5.74,6.25,0.0093247,0.0039303,5,1,1,10,3
5.84,6.25,0.010068,0.0041749,5,1,1,10,4
5.8,6.25,0.0091416,0.0042685,5,1,1,10,5
5.74,6.25,0.0090795,0.0039451,5,1,1,10,6
5.76,6.25,0.0090681,0.0039641,5,1,1,10,7
5.86,6.25,0.0090946,0.0039764,5,1,1,10,8
5.9,6.25,0.009159,0.0038291,5,1,1,10,9
77.93,82.87,0.022268,0.0039291,5,1,20,10,0
74.48,77.77,0.021197,0.0038764,5,1,20,10,1
79,79,0.024229,0.0038177,5,1,20,10,2
84.11,88.194,0.022496,0.0039303,5,1,20,10,3
63.53,68.211,0.023418,0.0038695,5,1,20,10,4
71.28,76.648,0.025567,0.0039556,5,1,20,10,5
94,94,0.022993,0.0038671,5,1,20,10,6
72.76,77.104,0.024773,0.0037858,5,1,20,10,7
87,87,0.021294,0.0040129,5,1,20,10,8
66,66,0.019127,0.0040451,5,1,20,10,9
75,75,0.020874,0.0039309,5,1,25,10,0
117.7,125.36,0.021176,0.0040297,5,1,25,10,1
90.18,97.056,0.022494,0.0038879,5,1,25,10,2
101.9,110.8,0.022775,0.0039888,5,1,25,10,3
109.58,114.8,0.02668,0.0038773,5,1,25,10,4
78.1,81.27,0.02525,0.0040285,5,1,25,10,5
112.57,119.28,0.023778,0.0038692,5,1,25,10,6
97.53,102.22,0.027689,0.0039954,5,1,25,10,7
74.32,76.063,0.026368,0.003921,5,1,25,10,8
110.23,119.89,0.023034,0.0039101,5,1,25,10,9
81.75,85.319,0.023343,0.0040915,5,1,30,10,0
116.74,122.21,0.026805,0.0038885,5,1,30,10,1
121.52,125.76,0.02753,0.0039364,5,1,30,10,2
125,125,0.025975,0.0040671,5,1,30,10,3
104.92,111.08,0.028065,0.0039056,5,1,30,10,4
95,95,0.021707,0.0041264,5,1,30,10,5
125,125,0.022485,0.0038002,5,1,30,10,6
108.27,115.98,0.020195,0.0040165,5,1,30,10,7
140.88,151.45,0.022409,0.0039475,5,1,30,10,8
113,113,0.022892,0.005644,5,1,30,10,9
123.72,132.18,0.021513,0.0040129,5,1,35,10,0
126.92,138.6,0.024101,0.0038758,5,1,35,10,1
100.76,107.57,0.023041,0.00413,5,1,35,10,2
152,152,0.022199,0.0038842,5,1,35,10,3
108,108,0.023146,0.0039306,5,1,35,10,4
115.06,120.21,0.022792,0.0039126,5,1,35,10,5
109.51,119.33,0.020719,0.0040517,5,1,35,10,6
126.26,136.79,0.020574,0.0039132,5,1,35,10,7
135,135,0.026143,0.0039767,5,1,35,10,8
124.29,133.5,0.020397,0.0038852,5,1,35,10,9
121.71,130.31,0.025965,0.0038821,5,1,40,10,0
132,132,0.023245,0.0038593,5,1,40,10,1
168.53,174.05,0.024613,0.0039141,5,1,40,10,2
163.63,172.11,0.025565,0.0038126,5,1,40,10,3
127.77,135.27,0.027466,0.0038861,5,1,40,10,4
161.33,169.22,0.025586,0.0038571,5,1,40,10,5
97.66,101.32,0.025147,0.0038957,5,1,40,10,6
135.12,145.65,0.019313,0.0038638,5,1,40,10,7
149.49,151.12,0.023776,0.0039529,5,1,40,10,8
181,181,0.02225,0.0040839,5,1,40,10,9
204.54,217.69,0.02155,0.0038984,5,1,45,10,0
145.23,154.15,0.025641,0.0039547,5,1,45,10,1
126,126,0.022111,0.00398,5,1,45,10,2
134,134,0.019449,0.0039583,5,1,45,10,3
179.22,201.63,0.021712,0.0039309,5,1,45,10,4
129,129,0.022344,0.0039011,5,1,45,10,5
164.94,179.19,0.023647,0.0039571,5,1,45,10,6
184.66,186,0.024665,0.0039993,5,1,45,10,7
167,167,0.020632,0.0039433,5,1,45,10,8
109,109,0.023628,0.0039743,5,1,45,10,9
128.26,137.16,0.030601,0.0039038,5,1,50,10,0
144.74,153.96,0.021334,0.0039174,5,1,50,10,1
167.94,180.31,0.026525,0.0038897,5,1,50,10,2
162.44,175.05,0.023159,0.0040851,5,1,50,10,3
235,235,0.01856,0.0038782,5,1,50,10,4
168,168,0.021886,0.0037864,5,1,50,10,5
173,173,0.024572,0.00394,5,1,50,10,6
164,164,0.021745,0.0043128,5,1,50,10,7
192.72,206.09,0.026722,0.003871,5,1,50,10,8
195.32,208.97,0.025931,0.0040776,5,1,50,10,9
181.51,189.68,0.022566,0.0039921,5,1,55,10,0
226,226,0.022715,0.0038207,5,1,55,10,1
186.1,195.14,0.02568,0.0040647,5,1,55,10,2
221.04,232.96,0.027008,0.003943,5,1,55,10,3
165,165,0.022379,0.0039785,5,1,55,10,4
142.46,148.14,0.024792,0.0041493,5,1,55,10,5
113.93,125.13,0.027819,0.0040351,5,1,55,10,6
217.77,223.2,0.025525,0.0039222,5,1,55,10,7
249.48,263.01,0.026952,0.0039246,5,1,55,10,8
179.05,195.13,0.022141,0.0040613,5,1,55,10,9
23.56,25.615,0.018806,0.0041442,5,1,5,10,0
23.66,25.085,0.028972,0.004183,5,1,5,10,1
21.04,22.149,0.020609,0.0040625,5,1,5,10,2
24.66,26.336,0.025057,0.0041785,5,1,5,10,3
23.12,24.441,0.025814,0.004876,5,1,5,10,4
20.98,22.667,0.024288,0.0040369,5,1,5,10,5
18.54,19.383,0.025213,0.0039089,5,1,5,10,6
23.59,25.455,0.025991,0.0039653,5,1,5,10,7
21,21,0.021578,0.0040749,5,1,5,10,8
24.24,25.886,0.02392,0.0047685,5,1,5,10,9
242,242,0.020303,0.0042523,5,1,60,10,0
180.76,187.42,0.025271,0.0039595,5,1,60,10,1
279.76,298.95,0.024575,0.0039059,5,1,60,10,2
238.01,255.04,0.026673,0.0039647,5,1,60,10,3
200.61,203.02,0.024462,0.003921,5,1,60,10,4
245,245,0.020462,0.0038912,5,1,60,10,5
253.4,275.81,0.025304,0.0039948,5,1,60,10,6
241.28,259.56,0.023827,0.0039339,5,1,60,10,7
117.7,119.02,0.022738,0.0041487,5,1,60,10,8
195,195,0.01934,0.0040107,5,1,60,10,9
241,241,0.023785,0.0040029,5,1,65,10,0
222.14,237.65,0.025726,0.0040872,5,1,65,10,1
265,265,0.023377,0.0040294,5,1,65,10,2
235.08,240.02,0.023214,0.0039613,5,1,65,10,3
245.38,258.71,0.026126,0.0039162,5,1,65,10,4
220.74,238.85,0.025179,0.0043661,5,1,65,10,5
182.35,196.86,0.026507,0.0039749,5,1,65,10,6
295,295,0.025582,0.0038421,5,1,65,10,7
181,181,0.021187,0.0039882,5,1,65,10,8
245.35,261.59,0.023349,0.0039071,5,1,65,10,9
186.72,198.99,0.028577,0.0042113,5,1,70,10,0
213.3,214,0.024652,0.0040475,5,1,70,10,1
239,239,0.02329,0.0038659,5,1,70,10,2
210.27,225.6,0.020371,0.004096,5,1,70,10,3
303,303,0.02413,0.0038309,5,1,70,10,4
269.77,290.82,0.022203,0.0039297,5,1,70,10,5
266.53,290.84,0.022915,0.0038897,5,1,70,10,6
288.41,308.34,0.02551,0.0039321,5,1,70,10,7
211.93,226.21,0.025535,0.0038812,5,1,70,10,8
239.4,249.39,0.02708,0.0041381,5,1,70,10,9
305,305,0.024107,0.0039424,5,1,75,10,0
289.72,304.66,0.026532,0.0040897,5,1,75,10,1
257,257,0.024722,0.0041204,5,1,75,10,2
359,359,0.023014,0.0049703,5,1,75,10,3
295,295,0.025081,0.0041481,5,1,75,10,4
213,213,0.025888,0.003908,5,1,75,10,5
273.63,293.16,0.02444,0.0040092,5,1,75,10,6
294.77,317.64,0.02472,0.0040231,5,1,75,10,7
286.43,301.02,0.02659,0.0039613,5,1,75,10,8
263.19,278.89,0.026094,0.0038836,5,1,75,10,9
383.38,407.99,0.021387,0.0040303,5,1,80,10,0
329.48,353.21,0.024434,0.003915,5,1,80,10,1
301.42,323.29,0.022554,0.0040252,5,1,80,10,2
368.87,401,0.024245,0.0040502,5,1,80,10,3
262,262,0.021038,0.0039728,5,1,80,10,4
293.12,313.54,0.02351,0.0039894,5,1,80,10,5
325.39,357.21,0.026216,0.0041246,5,1,80,10,6
370.33,394.48,0.023298,0.0039665,5,1,80,10,7
313.58,330.43,0.024261,0.0039873,5,1,80,10,8
263.88,279.99,0.023822,0.00398,5,1,80,10,9
306.87,334.36,0.022485,0.004002,5,1,85,10,0
345,345,0.024148,0.0038701,5,1,85,10,1
370.91,391.51,0.022451,0.0039385,5,1,85,10,2
341.39,359.04,0.024181,0.0038683,5,1,85,10,3
296,296,0.029026,0.0038731,5,1,85,10,4
408.13,410,0.03266,0.0041113,5,1,85,10,5
354.71,381.53,0.02983,0.003896,5,1,85,10,6
291.22,314.74,0.02439,0.0039773,5,1,85,10,7
286.26,301.94,0.021461,0.0038647,5,1,85,10,8
270.02,282.27,0.022413,0.0040312,5,1,85,10,9
358.96,385.46,0.022321,0.0039162,5,1,90,10,0
280.49,302.97,0.028213,0.0040348,5,1,90,10,1
253.37,273.85,0.02756,0.0040409,5,1,90,10,2
211.12,229.99,0.029105,0.004364,5,1,90,10,3
271.27,292.94,0.027404,0.0041574,5,1,90,10,4
384.35,407.61,0.021513,0.0039903,5,1,90,10,5
250.6,272.05,0.026422,0.0040397,5,1,90,10,6
338,338,0.02835,0.0039252,5,1,90,10,7
408,408,0.020964,0.0038951,5,1,90,10,8
349,349,0.021514,0.0039683,5,1,90,10,9
212,212,0.022185,0.003874,5,1,95,10,0
421,421,0.02514,0.0039327,5,1,95,10,1
358.55,392.45,0.024225,0.0039755,5,1,95,10,2
356,356,0.023353,0.0039345,5,1,95,10,3
418,418,0.021991,0.0039357,5,1,95,10,4
247,247,0.022934,0.0039478,5,1,95,10,5
452,452,0.020201,0.0039083,5,1,95,10,6
359,359,0.023256,0.0040592,5,1,95,10,7
490,490,0.023742,0.0038797,5,1,95,10,8
397.26,424.68,0.02369,0.0039412,5,1,95,10,9
