97.32,103.4,0.026223,0.0068376,10,0.5,10,0
77.81,84.094,0.026619,0.0067192,10,0.5,10,1
94.08,100.67,0.030784,0.006759,10,0.5,10,2
100.57,107.07,0.029461,0.0066168,10,0.5,10,3
97.77,102.1,0.02782,0.0066876,10,0.5,10,4
101.32,108.06,0.02667,0.0066364,10,0.5,10,5
58.42,61.245,0.027188,0.0066198,10,0.5,10,6
128.35,138,0.030997,0.0066111,10,0.5,10,7
72.98,79.231,0.029149,0.0066307,10,0.5,10,8
89.05,95.894,0.022381,0.0066279,10,0.5,10,9
106.15,111.63,0.02866,0.0065259,10,0.5,15,0
107.16,116.07,0.028144,0.0065114,10,0.5,15,1
128.22,132.19,0.029786,0.0066255,10,0.5,15,2
156.25,164.42,0.023937,0.0068207,10,0.5,15,3
172,172,0.024801,0.0068921,10,0.5,15,4
139.81,151.5,0.028509,0.0066647,10,0.5,15,5
178.78,188.85,0.027811,0.0067487,10,0.5,15,6
187.22,193.41,0.030632,0.0066469,10,0.5,15,7
123,123,0.023248,0.00669,10,0.5,15,8
138.79,147.3,0.028572,0.006752,10,0.5,15,9
17.76,19.234,0.028862,0.0067373,10,0.5,1,0
17.23,18.358,0.026486,0.006646,10,0.5,1,1
16.15,17.253,0.028375,0.0067695,10,0.5,1,2
19.4,20.359,0.028775,0.0065695,10,0.5,1,3
17.31,18.015,0.030169,0.0066572,10,0.5,1,4
22.22,23.007,0.03025,0.0066758,10,0.5,1,5
17.99,19.129,0.027254,0.0066569,10,0.5,1,6
16.49,17.904,0.024387,0.0066849,10,0.5,1,7
17.35,18.009,0.028354,0.0067478,10,0.5,1,8
17.02,18.529,0.02529,0.0069704,10,0.5,1,9
155.26,170.16,0.027114,0.0068029,10,0.5,20,0
154.55,162.15,0.026105,0.0066406,10,0.5,20,1
173.6,186.19,0.028654,0.0067038,10,0.5,20,2
190.33,200.6,0.028729,0.0067072,10,0.5,20,3
210.35,222.66,0.024992,0.0066412,10,0.5,20,4
171.98,184.39,0.026618,0.0066966,10,0.5,20,5
215.6,236.37,0.029011,0.006727,10,0.5,20,6
190.57,198.99,0.029436,0.0067316,10,0.5,20,7
198.75,211.42,0.026973,0.0068951,10,0.5,20,8
204.73,220.27,0.026545,0.0067228,10,0.5,20,9
234.65,246.18,0.029222,0.0067038,10,0.5,25,0
246,246,0.026668,0.0070481,10,0.5,25,1
206.79,217.38,0.027237,0.0070716,10,0.5,25,2
235.62,250.9,0.028892,0.0067671,10,0.5,25,3
232.89,251.55,0.024582,0.0066906,10,0.5,25,4
272.88,291.66,0.029227,0.0069201,10,0.5,25,5
195.36,206.71,0.026671,0.0065819,10,0.5,25,6
226.78,239.15,0.02677,0.0068475,10,0.5,25,7
273.73,291.25,0.027192,0.0069722,10,0.5,25,8
185.22,200.39,0.025671,0.0068394,10,0.5,25,9
59,59,0.026623,0.006833,10,0.5,5,0
53.28,56.404,0.027158,0.0067442,10,0.5,5,1
45.38,49.182,0.027379,0.0067984,10,0.5,5,2
41.78,44.096,0.026468,0.006986,10,0.5,5,3
56.69,60.666,0.026883,0.0067894,10,0.5,5,4
47.66,50.712,0.025164,0.0066168,10,0.5,5,5
50.29,53.445,0.028759,0.006684,10,0.5,5,6
56,56,0.024645,0.0066578,10,0.5,5,7
43.72,47.167,0.025,0.0068171,10,0.5,5,8
47,47,0.025172,0.0067746,10,0.5,5,9
154.43,161.28,0.026695,0.0067602,10,1,10,0
186,186,0.026822,0.0066873,10,1,10,1
154.61,163.23,0.02615,0.0066966,10,1,10,2
169.16,175.11,0.027992,0.0066804,10,1,10,3
151.98,160.67,0.028046,0.0066572,10,1,10,4
142.15,146.24,0.029087,0.0066114,10,1,10,5
165.05,173.88,0.027667,0.0066418,10,1,10,6
152.97,159.51,0.026099,0.0066168,10,1,10,7
148.75,157.64,0.026257,0.0066719,10,1,10,8
165.07,171.69,0.025908,0.0065891,10,1,10,9
226.28,237.98,0.026664,0.0066801,10,1,15,0
234.54,244.89,0.028387,0.0065915,10,1,15,1
231.95,244.85,0.024725,0.0065945,10,1,15,2
236.92,249.08,0.025588,0.0065728,10,1,15,3
240.73,256.37,0.028238,0.0066325,10,1,15,4
235.21,245.94,0.02618,0.0067216,10,1,15,5
191.92,201.82,0.028544,0.0066921,10,1,15,6
228.9,241.9,0.02604,0.0068623,10,1,15,7
248.08,256.75,0.028625,0.0066749,10,1,15,8
246.53,255.81,0.028448,0.006612,10,1,15,9
24.2,25,0.012986,0.0066674,10,1,1,0
24.27,25,0.013009,0.006712,10,1,1,1
24.09,25,0.01297,0.0066165,10,1,1,2
24.26,25,0.013315,0.0067014,10,1,1,3
23.93,25,0.012908,0.0065653,10,1,1,4
24.21,25,0.012735,0.0066081,10,1,1,5
23.96,25,0.012901,0.006727,10,1,1,6
24.17,25,0.013032,0.0067057,10,1,1,7
24.07,25,0.012722,0.0067614,10,1,1,8
24.33,25,0.012636,0.0068472,10,1,1,9
271.64,285,0.026297,0.0066788,10,1,20,0
299.19,314.73,0.026855,0.0067529,10,1,20,1
288.59,303.77,0.026824,0.0067505,10,1,20,2
283.98,292.65,0.027759,0.0066361,10,1,20,3
306.31,321.01,0.026359,0.0066346,10,1,20,4
262.76,279.99,0.026772,0.0067216,10,1,20,5
315.81,328.16,0.027722,0.0067162,10,1,20,6
301.08,314.13,0.027391,0.0068192,10,1,20,7
281.62,291.82,0.027189,0.006677,10,1,20,8
304.38,320.56,0.026394,0.00674,10,1,20,9
426.07,435.18,0.028354,0.0066635,10,1,25,0
403.43,429.75,0.026176,0.0066828,10,1,25,1
417.28,436.92,0.027253,0.0067123,10,1,25,2
404.22,426.15,0.027973,0.006677,10,1,25,3
355.79,372.39,0.026121,0.0066942,10,1,25,4
342.95,366.84,0.026495,0.0067541,10,1,25,5
370.44,389.7,0.026241,0.0067352,10,1,25,6
365.52,383.09,0.028237,0.0066289,10,1,25,7
400.71,421.89,0.026452,0.0066924,10,1,25,8
355.52,373.8,0.028027,0.0066984,10,1,25,9
96.15,100.57,0.027822,0.0066734,10,1,5,0
76.31,79.179,0.028419,0.0068309,10,1,5,1
78.41,82.337,0.028761,0.0067343,10,1,5,2
85.09,90.339,0.027411,0.0066903,10,1,5,3
77.99,81.918,0.027889,0.0070077,10,1,5,4
80.21,83.534,0.027894,0.006827,10,1,5,5
80.02,83.355,0.028079,0.0066379,10,1,5,6
82.51,86.635,0.026675,0.0069035,10,1,5,7
90.67,95.998,0.026876,0.0066867,10,1,5,8
84.45,88.964,0.026293,0.0065792,10,1,5,9
212.84,230.48,0.03061,0.008825,15,0.5,10,0
186.65,199.96,0.037902,0.0089639,15,0.5,10,1
204.95,217.5,0.03212,0.0089867,15,0.5,10,2
201.99,214.8,0.036573,0.0091033,15,0.5,10,3
201.6,215.14,0.032113,0.0087847,15,0.5,10,4
182.13,196.11,0.032375,0.0088422,15,0.5,10,5
219.67,236.29,0.031621,0.0088551,15,0.5,10,6
227.86,245.42,0.036923,0.0089967,15,0.5,10,7
200.78,214.52,0.034539,0.0092717,15,0.5,10,8
203.1,218.56,0.029672,0.0089365,15,0.5,10,9
290.24,311.54,0.033949,0.0088831,15,0.5,15,0
275.51,291.66,0.034706,0.0090277,15,0.5,15,1
331,354.26,0.035259,0.0091178,15,0.5,15,2
334.01,355.53,0.03341,0.0092102,15,0.5,15,3
295.51,314.25,0.034237,0.0091979,15,0.5,15,4
299.84,325.86,0.033714,0.0088211,15,0.5,15,5
308.87,333.6,0.034536,0.0088964,15,0.5,15,6
301.59,321.57,0.034905,0.0090828,15,0.5,15,7
327.57,349.45,0.032332,0.0087624,15,0.5,15,8
295.31,315.44,0.033591,0.008984,15,0.5,15,9
37.31,40.034,0.036017,0.0087865,15,0.5,1,0
35.07,37.738,0.034027,0.0088419,15,0.5,1,1
40.61,43.388,0.034674,0.0088898,15,0.5,1,2
35.41,38.231,0.034006,0.0089524,15,0.5,1,3
33.47,35.789,0.033112,0.0088711,15,0.5,1,4
36.06,38.171,0.035099,0.0089217,15,0.5,1,5
35.44,38.202,0.035221,0.0089244,15,0.5,1,6
30.59,32.644,0.033656,0.0088816,15,0.5,1,7
37,38.78,0.034359,0.0089895,15,0.5,1,8
38.3,40.312,0.036158,0.0090063,15,0.5,1,9
328.04,344.57,0.036582,0.0089151,15,0.5,20,0
422.19,446.62,0.034615,0.0089202,15,0.5,20,1
385.06,405.57,0.034447,0.0089554,15,0.5,20,2
480.43,512.69,0.031779,0.008891,15,0.5,20,3
468.19,493.41,0.034308,0.008947,15,0.5,20,4
453.91,475.94,0.034567,0.0089861,15,0.5,20,5
407.26,440.44,0.031883,0.0089286,15,0.5,20,6
391.78,415.73,0.03089,0.0093774,15,0.5,20,7
397.82,420.9,0.031366,0.0089729,15,0.5,20,8
349.85,370.12,0.034845,0.0088557,15,0.5,20,9
548.55,596.49,0.031993,0.0089846,15,0.5,25,0
474.24,508.03,0.032707,0.0090979,15,0.5,25,1
450.91,486.69,0.032913,0.0090852,15,0.5,25,2
465.69,494.4,0.032041,0.0090373,15,0.5,25,3
568.84,590.1,0.034734,0.0088094,15,0.5,25,4
497.56,537.32,0.036789,0.0089654,15,0.5,25,5
501.92,537.31,0.032377,0.0088853,15,0.5,25,6
482.38,523.19,0.032259,0.0089241,15,0.5,25,7
560.61,590.97,0.03677,0.0091572,15,0.5,25,8
411.16,448.27,0.031033,0.008756,15,0.5,25,9
124.92,132,0.033299,0.0088678,15,0.5,5,0
117.4,122.41,0.033459,0.0091147,15,0.5,5,1
127.44,134.7,0.034766,0.0089768,15,0.5,5,2
117.57,126.44,0.03376,0.0088109,15,0.5,5,3
120.15,127.63,0.032677,0.0089898,15,0.5,5,4
102.73,109.89,0.033779,0.0088332,15,0.5,5,5
110.18,114.91,0.034792,0.0089211,15,0.5,5,6
116.58,126.42,0.037342,0.0091403,15,0.5,5,7
115.6,121.71,0.035387,0.0091108,15,0.5,5,8
105.83,113.38,0.032967,0.0089657,15,0.5,5,9
368.52,388.68,0.031696,0.0091997,15,1,10,0
347.43,363.52,0.031524,0.0089003,15,1,10,1
354.12,366.58,0.034093,0.0087606,15,1,10,2
339.5,356.69,0.032032,0.0090145,15,1,10,3
351.64,363.13,0.032217,0.0089524,15,1,10,4
376.11,394.61,0.031814,0.0089922,15,1,10,5
339.08,353.25,0.034174,0.0089148,15,1,10,6
340.42,354.23,0.033885,0.0089615,15,1,10,7
366.04,383.87,0.032284,0.0090148,15,1,10,8
350.87,365.08,0.033965,0.0088705,15,1,10,9
492.39,518.95,0.031823,0.0089605,15,1,15,0
494.77,515.59,0.032279,0.008775,15,1,15,1
522.49,551,0.036286,0.0089774,15,1,15,2
500.88,526.08,0.034399,0.0089063,15,1,15,3
514.24,536.03,0.034104,0.009256,15,1,15,4
491.14,510.63,0.030492,0.0089575,15,1,15,5
489.58,510.61,0.033888,0.0091138,15,1,15,6
516.8,542.54,0.031066,0.0090768,15,1,15,7
509.55,529.95,0.031479,0.0088792,15,1,15,8
524.1,554.86,0.031661,0.0089009,15,1,15,9
54.96,56.25,0.016757,0.0089795,15,1,1,0
54.84,56.25,0.016705,0.0090157,15,1,1,1
54.38,56.25,0.016869,0.0089313,15,1,1,2
54.56,56.25,0.01649,0.0088539,15,1,1,3
55.04,56.25,0.016814,0.0090792,15,1,1,4
54.84,56.25,0.016856,0.0090039,15,1,1,5
54.8,56.25,0.016749,0.0088696,15,1,1,6
54.9,56.25,0.01668,0.0090009,15,1,1,7
55.16,56.25,0.016761,0.0091738,15,1,1,8
54.88,56.25,0.016639,0.0089413,15,1,1,9
657.8,709.34,0.032244,0.0089874,15,1,20,0
666.51,698.44,0.034092,0.0090319,15,1,20,1
649.9,679.33,0.034177,0.0087145,15,1,20,2
707.75,736.95,0.03479,0.0090681,15,1,20,3
674.12,695.48,0.032378,0.0089714,15,1,20,4
619.41,643.63,0.033538,0.0089955,15,1,20,5
649.04,683.24,0.032599,0.0091509,15,1,20,6
705.64,733.44,0.034394,0.0088524,15,1,20,7
691.3,717.66,0.036499,0.0088985,15,1,20,8
663.47,701.46,0.031734,0.0091132,15,1,20,9
923.08,954.55,0.034152,0.0088223,15,1,25,0
800.23,829.76,0.033936,0.008885,15,1,25,1
817.93,852.7,0.033914,0.0088124,15,1,25,2
856.78,874.22,0.034002,0.0089292,15,1,25,3
826.15,870.48,0.03677,0.0089515,15,1,25,4
809.14,843.31,0.033676,0.0089584,15,1,25,5
817.23,851.15,0.03243,0.0089178,15,1,25,6
873.39,917.63,0.031157,0.0088964,15,1,25,7
870.78,905.61,0.030213,0.0093852,15,1,25,8
869.6,900.32,0.034628,0.0089259,15,1,25,9
183.91,192.35,0.034492,0.0088919,15,1,5,0
192.87,202.76,0.035537,0.0091364,15,1,5,1
173.71,179.87,0.034084,0.0088594,15,1,5,2
193.38,200.48,0.035932,0.0088428,15,1,5,3
168.44,175.47,0.03619,0.0095981,15,1,5,4
182.95,192.83,0.034407,0.0088515,15,1,5,5
186.78,193.58,0.037133,0.0090349,15,1,5,6
197.9,203.11,0.036499,0.0088708,15,1,5,7
190.25,197.48,0.031572,0.0089765,15,1,5,8
189.31,195.45,0.037101,0.0089021,15,1,5,9
352.12,378.73,0.03729,0.01132,20,0.5,10,0
333.36,361.51,0.036844,0.011038,20,0.5,10,1
340.04,364.87,0.038483,0.011222,20,0.5,10,2
386.2,413.27,0.037166,0.011157,20,0.5,10,3
408.71,431.71,0.037215,0.011248,20,0.5,10,4
369.84,395.19,0.040865,0.011002,20,0.5,10,5
345.38,365.91,0.035418,0.011228,20,0.5,10,6
363.32,393.12,0.034551,0.011332,20,0.5,10,7
388.08,414.75,0.037834,0.011018,20,0.5,10,8
340.87,364.56,0.038305,0.011168,20,0.5,10,9
558.88,597.87,0.038097,0.011261,20,0.5,15,0
514.92,548.69,0.041405,0.011088,20,0.5,15,1
489.78,525.97,0.040275,0.011368,20,0.5,15,2
507.66,551.31,0.037908,0.011215,20,0.5,15,3
507.53,528.73,0.040445,0.011328,20,0.5,15,4
590.85,625.15,0.037861,0.012174,20,0.5,15,5
525.94,568.06,0.039889,0.011134,20,0.5,15,6
539.57,569.3,0.03735,0.011477,20,0.5,15,7
564.35,605.05,0.040045,0.011218,20,0.5,15,8
604.22,646.81,0.035025,0.011177,20,0.5,15,9
63.2,67.273,0.039406,0.011197,20,0.5,1,0
62.93,65.999,0.037169,0.011535,20,0.5,1,1
60.48,64.595,0.039483,0.011063,20,0.5,1,2
60.82,64.753,0.03704,0.011386,20,0.5,1,3
65.64,68.878,0.03968,0.011342,20,0.5,1,4
68.97,71.045,0.039908,0.011193,20,0.5,1,5
60.41,64.595,0.036991,0.011133,20,0.5,1,6
61.89,66.658,0.041672,0.011381,20,0.5,1,7
68.59,71.836,0.039016,0.011156,20,0.5,1,8
59.31,62.655,0.042218,0.011318,20,0.5,1,9
714.08,755.11,0.039993,0.011399,20,0.5,20,0
740.62,799.09,0.040067,0.011099,20,0.5,20,1
595.47,639.99,0.037877,0.011071,20,0.5,20,2
656.95,700.29,0.040207,0.011033,20,0.5,20,3
684.75,713.97,0.039856,0.011055,20,0.5,20,4
642.66,676.14,0.037777,0.011169,20,0.5,20,5
659.01,702.27,0.034897,0.011152,20,0.5,20,6
721.26,786.51,0.037604,0.011056,20,0.5,20,7
661.05,715.83,0.037504,0.011197,20,0.5,20,8
802.54,843.97,0.039266,0.010981,20,0.5,20,9
755.98,817.9,0.037111,0.011159,20,0.5,25,0
898.09,970.68,0.034487,0.011235,20,0.5,25,1
785.66,833.11,0.038148,0.011062,20,0.5,25,2
888.22,955.76,0.0373,0.011285,20,0.5,25,3
738.37,804.04,0.03422,0.011544,20,0.5,25,4
898.56,961.24,0.03715,0.011044,20,0.5,25,5
854.03,904.7,0.040666,0.011079,20,0.5,25,6
818.13,881.66,0.03735,0.011107,20,0.5,25,7
1029.8,1090.2,0.040606,0.011112,20,0.5,25,8
809.16,876.26,0.035346,0.011117,20,0.5,25,9
193.74,207.04,0.036502,0.01125,20,0.5,5,0
182.16,194.69,0.04034,0.011108,20,0.5,5,1
201.62,214.24,0.037543,0.011202,20,0.5,5,2
172.61,187.74,0.038183,0.011334,20,0.5,5,3
196.4,212.77,0.041179,0.011165,20,0.5,5,4
204.45,216.05,0.040738,0.011131,20,0.5,5,5
174.45,190.24,0.036469,0.011193,20,0.5,5,6
212.44,227.63,0.037917,0.011357,20,0.5,5,7
195.97,211,0.037068,0.011222,20,0.5,5,8
193.07,207.25,0.037096,0.011244,20,0.5,5,9
610.35,640.56,0.035608,0.011226,20,1,10,0
618.96,649.14,0.037487,0.011076,20,1,10,1
603.79,630.86,0.037858,0.011313,20,1,10,2
624.98,654.42,0.038177,0.011466,20,1,10,3
611.26,635.36,0.037618,0.01215,20,1,10,4
598.87,629.61,0.040128,0.011415,20,1,10,5
633.47,655.21,0.038574,0.011201,20,1,10,6
600.19,633.25,0.037705,0.011222,20,1,10,7
592.01,615.75,0.038505,0.011148,20,1,10,8
612.71,638.59,0.037732,0.011473,20,1,10,9
855.85,893.51,0.035259,0.011639,20,1,15,0
918.27,956.26,0.037759,0.01136,20,1,15,1
896.51,925.99,0.040557,0.011361,20,1,15,2
891.14,941.38,0.037778,0.011066,20,1,15,3
893.67,920.93,0.039933,0.011694,20,1,15,4
924.91,957.6,0.037318,0.011211,20,1,15,5
897.23,937.68,0.039824,0.011396,20,1,15,6
822.01,851.83,0.036666,0.011256,20,1,15,7
822.1,865.99,0.040322,0.011063,20,1,15,8
866.74,909.33,0.03587,0.011358,20,1,15,9
97.92,100,0.021819,0.011121,20,1,1,0
98.19,100,0.021789,0.011288,20,1,1,1
98.26,100,0.022095,0.011504,20,1,1,2
98.14,100,0.022058,0.011308,20,1,1,3
98.11,100,0.022374,0.011131,20,1,1,4
97.95,100,0.021975,0.01986,20,1,1,5
98.32,100,0.02487,0.011554,20,1,1,6
97.67,100,0.022119,0.011178,20,1,1,7
98.02,100,0.022216,0.011327,20,1,1,8
98.6,100,0.022017,0.011153,20,1,1,9
1207.7,1265.2,0.03726,0.011136,20,1,20,0
1128.7,1174.8,0.040873,0.011494,20,1,20,1
1154.3,1205.6,0.037924,0.011255,20,1,20,2
1180.7,1225.5,0.039839,0.011215,20,1,20,3
1138.6,1191.1,0.038888,0.011507,20,1,20,4
1243.7,1284.3,0.040066,0.011247,20,1,20,5
1153.7,1206.1,0.034942,0.011483,20,1,20,6
1114.1,1152.7,0.038765,0.011568,20,1,20,7
1171.5,1210,0.035934,0.011447,20,1,20,8
1182.7,1239.6,0.039185,0.011504,20,1,20,9
1499.7,1560.1,0.040882,0.011978,20,1,25,0
1608.7,1651.8,0.049139,0.011722,20,1,25,1
1478.2,1555.8,0.042963,0.011486,20,1,25,2
1464.3,1521,0.03979,0.011769,20,1,25,3
1494.6,1567.7,0.040832,0.01127,20,1,25,4
1507.7,1567.5,0.0369,0.011061,20,1,25,5
1406.8,1476,0.037487,0.011183,20,1,25,6
1490.2,1549.7,0.037707,0.011122,20,1,25,7
1479.8,1560.3,0.040514,0.01247,20,1,25,8
1434.5,1511.6,0.04118,0.011218,20,1,25,9
323.63,342.08,0.042459,0.01223,20,1,5,0
341.14,354.17,0.038796,0.011302,20,1,5,1
339.06,351.88,0.033852,0.011848,20,1,5,2
320.02,335.02,0.036929,0.011248,20,1,5,3
339.76,352.38,0.039486,0.011489,20,1,5,4
320.75,333.67,0.040021,0.01134,20,1,5,5
319.65,329.4,0.040115,0.011258,20,1,5,6
314.82,323.2,0.039934,0.011167,20,1,5,7
342.04,354.86,0.040084,0.011355,20,1,5,8
331.42,343.62,0.040037,0.01141,20,1,5,9
540.01,577.2,0.044149,0.013464,25,0.5,10,0
579.31,624.99,0.04296,0.013717,25,0.5,10,1
540.51,579.4,0.043298,0.013803,25,0.5,10,2
508.43,550.02,0.044508,0.013425,25,0.5,10,3
575.22,613.7,0.043151,0.013429,25,0.5,10,4
564.08,605.63,0.042689,0.013564,25,0.5,10,5
537.3,578.98,0.046635,0.013501,25,0.5,10,6
551.77,580.86,0.050273,0.013305,25,0.5,10,7
491.84,518.52,0.045706,0.013939,25,0.5,10,8
546.33,571.48,0.046446,0.013433,25,0.5,10,9
737.26,787.38,0.046344,0.013372,25,0.5,15,0
682.61,729.86,0.045774,0.013942,25,0.5,15,1
838.19,888.97,0.044435,0.013564,25,0.5,15,2
754.87,806.57,0.042773,0.01393,25,0.5,15,3
791.65,839.34,0.046204,0.013596,25,0.5,15,4
727.31,793.82,0.043538,0.013233,25,0.5,15,5
797.7,860.56,0.042693,0.013404,25,0.5,15,6
749.08,796.3,0.046313,0.013475,25,0.5,15,7
776.55,835.8,0.04361,0.013585,25,0.5,15,8
854.69,920.7,0.044733,0.013921,25,0.5,15,9
97.34,103,0.048149,0.013869,25,0.5,1,0
88.43,95.214,0.051069,0.014572,25,0.5,1,1
99.47,106.16,0.0538,0.014237,25,0.5,1,2
87.03,92.954,0.04808,0.013506,25,0.5,1,3
97.04,101.99,0.045393,0.013762,25,0.5,1,4
99.15,105.4,0.047309,0.013325,25,0.5,1,5
87.21,93.934,0.046076,0.013734,25,0.5,1,6
91.75,97.438,0.048359,0.013321,25,0.5,1,7
94.68,101,0.051414,0.015072,25,0.5,1,8
87.95,93.558,0.044976,0.013497,25,0.5,1,9
986.12,1060.8,0.042949,0.013294,25,0.5,20,0
1112.1,1186.8,0.046258,0.014181,25,0.5,20,1
1013.7,1083.9,0.045407,0.013898,25,0.5,20,2
1003.1,1085.1,0.040299,0.013619,25,0.5,20,3
1004.6,1083.8,0.043164,0.013847,25,0.5,20,4
1066.8,1153.6,0.042681,0.014701,25,0.5,20,5
976.35,1037.7,0.045738,0.013392,25,0.5,20,6
1002.3,1065.9,0.045701,0.013537,25,0.5,20,7
1104.6,1174.6,0.042761,0.013509,25,0.5,20,8
1087.4,1153.3,0.046297,0.013678,25,0.5,20,9
1340.7,1433.4,0.042838,0.013697,25,0.5,25,0
1423.9,1518.8,0.043616,0.013221,25,0.5,25,1
1379.9,1464.6,0.04448,0.013484,25,0.5,25,2
1239.4,1343.6,0.042239,0.0135,25,0.5,25,3
1387.8,1493,0.046406,0.013712,25,0.5,25,4
1307.6,1391.3,0.046513,0.013656,25,0.5,25,5
1246.6,1344.9,0.042559,0.013738,25,0.5,25,6
1273.4,1378.3,0.043206,0.013562,25,0.5,25,7
1380.4,1439.8,0.048161,0.013864,25,0.5,25,8
1413.1,1506.9,0.045422,0.013736,25,0.5,25,9
295.94,317.1,0.045503,0.013704,25,0.5,5,0
286.12,308.31,0.048408,0.013349,25,0.5,5,1
284.39,307.08,0.044954,0.013254,25,0.5,5,2
295.82,320.2,0.045378,0.013392,25,0.5,5,3
273.92,292.79,0.043198,0.013475,25,0.5,5,4
291.19,309.95,0.045683,0.013604,25,0.5,5,5
319.49,343.1,0.045464,0.01341,25,0.5,5,6
327.1,345.71,0.044808,0.013501,25,0.5,5,7
255.5,275.92,0.043278,0.013654,25,0.5,5,8
336.83,357.23,0.046495,0.013582,25,0.5,5,9
980.28,1012.8,0.045342,0.013881,25,1,10,0
961.59,994.66,0.046543,0.013307,25,1,10,1
952.23,986.54,0.046149,0.013707,25,1,10,2
962.43,998.61,0.043684,0.013227,25,1,10,3
959.16,999.32,0.044508,0.01374,25,1,10,4
976.91,1014.9,0.046089,0.013426,25,1,10,5
943.39,984.91,0.043901,0.013394,25,1,10,6
910.55,956.04,0.041761,0.013599,25,1,10,7
948.34,974.78,0.049076,0.01335,25,1,10,8
1001.6,1043.4,0.046747,0.013697,25,1,10,9
1406.3,1469.7,0.04104,0.01336,25,1,15,0
1363.8,1422.8,0.042787,0.013527,25,1,15,1
1393.2,1446.2,0.044288,0.013441,25,1,15,2
1350.1,1418.1,0.041721,0.013823,25,1,15,3
1297.3,1345.4,0.04501,0.01365,25,1,15,4
1349.7,1415.6,0.040765,0.013354,25,1,15,5
1436.8,1490.7,0.046156,0.013477,25,1,15,6
1425.5,1480.7,0.042108,0.013998,25,1,15,7
1394.8,1449.4,0.043051,0.013409,25,1,15,8
1356.9,1413.8,0.041371,0.013392,25,1,15,9
154.08,156.25,0.029892,0.013265,25,1,1,0
154.42,156.25,0.030069,0.013696,25,1,1,1
153.82,156.25,0.032993,0.013425,25,1,1,2
154.46,156.25,0.029696,0.013538,25,1,1,3
154.16,156.25,0.029995,0.013565,25,1,1,4
153.72,156.25,0.03078,0.013459,25,1,1,5
153.78,156.25,0.030308,0.013292,25,1,1,6
153.8,156.25,0.03012,0.013422,25,1,1,7
153.66,156.25,0.030132,0.013574,25,1,1,8
154.38,156.25,0.030296,0.014116,25,1,1,9
1837.7,1921.1,0.046039,0.013676,25,1,20,0
1811.4,1887.9,0.046036,0.013678,25,1,20,1
1861.4,1937.2,0.044021,0.013751,25,1,20,2
1772.9,1865.6,0.04647,0.013738,25,1,20,3
1848.2,1937,0.046149,0.013394,25,1,20,4
1888.8,1947.5,0.042259,0.013544,25,1,20,5
1811.1,1897.6,0.044408,0.013546,25,1,20,6
1867.7,1950.8,0.047166,0.01387,25,1,20,7
1876.6,1958.6,0.043024,0.013791,25,1,20,8
1817.1,1899.2,0.04863,0.013463,25,1,20,9
2324.5,2424.5,0.045852,0.013365,25,1,25,0
2293.3,2406.5,0.048204,0.01348,25,1,25,1
2272,2370.5,0.044659,0.013609,25,1,25,2
2244.7,2329.8,0.041223,0.013566,25,1,25,3
2320.9,2420.3,0.046258,0.01435,25,1,25,4
2100.5,2208.1,0.039056,0.01331,25,1,25,5
2349.3,2423.3,0.044588,0.013477,25,1,25,6
2203.8,2284,0.043325,0.014746,25,1,25,7
2217.2,2335.4,0.045545,0.013749,25,1,25,8
2279.8,2390.8,0.048052,0.013384,25,1,25,9
523.42,540.96,0.045885,0.013782,25,1,5,0
500.46,519.85,0.045606,0.013418,25,1,5,1
507.81,525.85,0.060765,0.013581,25,1,5,2
511.46,530.34,0.04578,0.013546,25,1,5,3
511.94,529,0.046008,0.013454,25,1,5,4
518.17,537.33,0.04592,0.013651,25,1,5,5
547.87,565.61,0.049332,0.013405,25,1,5,6
518.34,541.81,0.044141,0.013671,25,1,5,7
499.53,521.07,0.043796,0.014423,25,1,5,8
531.84,550.51,0.045377,0.013355,25,1,5,9
785.11,849.31,0.048744,0.015701,30,0.5,10,0
750.84,798.27,0.05317,0.015548,30,0.5,10,1
823.95,871.37,0.051809,0.015658,30,0.5,10,2
737.1,798.4,0.051057,0.015708,30,0.5,10,3
800.2,859.81,0.048643,0.016104,30,0.5,10,4
776.81,835.11,0.0524,0.015706,30,0.5,10,5
817,871.77,0.049115,0.015891,30,0.5,10,6
776.77,822.4,0.052812,0.015501,30,0.5,10,7
750.46,806.64,0.053511,0.015832,30,0.5,10,8
796.3,846.69,0.054023,0.015757,30,0.5,10,9
1095.8,1174.4,0.051928,0.015535,30,0.5,15,0
1023.8,1110,0.052189,0.016035,30,0.5,15,1
1220.9,1303.7,0.052562,0.015419,30,0.5,15,2
1102.7,1179.1,0.052753,0.016061,30,0.5,15,3
1076.2,1157.2,0.048121,0.015689,30,0.5,15,4
1174.3,1255.4,0.049072,0.01565,30,0.5,15,5
1157.1,1221.9,0.053004,0.015924,30,0.5,15,6
1192.6,1264.9,0.048737,0.015985,30,0.5,15,7
1117.3,1206.8,0.051466,0.015923,30,0.5,15,8
1058.7,1138.3,0.04978,0.015607,30,0.5,15,9
129.05,137.89,0.054106,0.015915,30,0.5,1,0
127.77,136.47,0.054534,0.015837,30,0.5,1,1
135.79,142.8,0.057992,0.015795,30,0.5,1,2
133.88,141.34,0.053716,0.015972,30,0.5,1,3
140.95,148.82,0.055798,0.015657,30,0.5,1,4
142.99,151.21,0.058323,0.015851,30,0.5,1,5
130.1,139.19,0.05723,0.016156,30,0.5,1,6
137.75,146.87,0.054455,0.015858,30,0.5,1,7
132.75,141.53,0.055558,0.015628,30,0.5,1,8
129.23,138.78,0.054463,0.016104,30,0.5,1,9
1521.9,1618.4,0.052401,0.016217,30,0.5,20,0
1511.2,1626.1,0.051107,0.015626,30,0.5,20,1
1382,1482.4,0.049891,0.015602,30,0.5,20,2
1575.6,1674.4,0.048474,0.015971,30,0.5,20,3
1600.3,1716.9,0.048824,0.015865,30,0.5,20,4
1454.8,1552.9,0.052282,0.015776,30,0.5,20,5
1402.2,1511.2,0.054048,0.015844,30,0.5,20,6
1439.9,1539.9,0.052699,0.016809,30,0.5,20,7
1508.3,1625.8,0.052971,0.016263,30,0.5,20,8
1670.6,1759.3,0.049048,0.015635,30,0.5,20,9
1757.5,1884.5,0.053181,0.016168,30,0.5,25,0
1857.2,1971.8,0.053333,0.015988,30,0.5,25,1
1709.6,1825.6,0.052127,0.015785,30,0.5,25,2
1913.1,2061,0.053383,0.016117,30,0.5,25,3
1902.3,2040.3,0.046765,0.015833,30,0.5,25,4
1946.6,2102.3,0.05312,0.016613,30,0.5,25,5
1752.6,1872.7,0.049603,0.016084,30,0.5,25,6
1850.5,1980.6,0.049126,0.015967,30,0.5,25,7
1872.4,1989.8,0.052445,0.01557,30,0.5,25,8
1780,1900.8,0.052545,0.016241,30,0.5,25,9
427.88,459.14,0.049194,0.015933,30,0.5,5,0
438.73,469.89,0.051472,0.016209,30,0.5,5,1
428.8,458.71,0.055019,0.015726,30,0.5,5,2
413.11,439.19,0.052647,0.016571,30,0.5,5,3
420.99,448.94,0.05512,0.01587,30,0.5,5,4
368.43,393.22,0.048634,0.015672,30,0.5,5,5
430.55,458.33,0.053462,0.015685,30,0.5,5,6
410.04,442.45,0.052339,0.015576,30,0.5,5,7
431.57,463.13,0.051944,0.015621,30,0.5,5,8
433.18,464.73,0.0518,0.015464,30,0.5,5,9
1356.4,1402.7,0.05405,0.015928,30,1,10,0
1358.9,1423.2,0.050051,0.016231,30,1,10,1
1351.6,1399.5,0.055225,0.015777,30,1,10,2
1425.4,1459.6,0.060283,0.015798,30,1,10,3
1378.6,1432.2,0.050455,0.01584,30,1,10,4
1347.8,1404.4,0.052765,0.01598,30,1,10,5
1345.5,1396.4,0.052653,0.01611,30,1,10,6
1398.1,1448.5,0.052671,0.015922,30,1,10,7
1332.1,1388,0.052126,0.016216,30,1,10,8
1360.1,1402.5,0.049828,0.015838,30,1,10,9
2060.9,2135.5,0.052386,0.01583,30,1,15,0
2025.7,2103.3,0.05231,0.015596,30,1,15,1
1940.6,2021.7,0.052365,0.015637,30,1,15,2
1917.5,2006.3,0.050261,0.01563,30,1,15,3
2018.3,2099.4,0.053029,0.015545,30,1,15,4
2108.4,2184.6,0.055271,0.016133,30,1,15,5
2052.3,2112.1,0.052209,0.015829,30,1,15,6
1980.8,2064.2,0.050412,0.015533,30,1,15,7
1972.5,2046.3,0.052637,0.016934,30,1,15,8
2005.7,2091.8,0.053199,0.015539,30,1,15,9
222.81,225,0.036544,0.015716,30,1,1,0
222.43,225,0.038839,0.016013,30,1,1,1
221.66,225,0.036702,0.015475,30,1,1,2
221.94,225,0.036652,0.015663,30,1,1,3
221.86,225,0.036712,0.016023,30,1,1,4
222.23,225,0.036973,0.016685,30,1,1,5
222.09,225,0.036726,0.01573,30,1,1,6
221.94,225,0.036951,0.015665,30,1,1,7
222.3,225,0.03711,0.016167,30,1,1,8
221.9,225,0.03688,0.016134,30,1,1,9
2551.5,2655.3,0.052189,0.015768,30,1,20,0
2472.7,2575.8,0.053865,0.015946,30,1,20,1
2563.3,2668.3,0.049633,0.016141,30,1,20,2
2450.4,2564,0.053657,0.016093,30,1,20,3
2547.3,2652.1,0.049345,0.015909,30,1,20,4
2610.4,2710.3,0.052498,0.015636,30,1,20,5
2552.6,2657.3,0.049965,0.015692,30,1,20,6
2522.9,2613.8,0.052626,0.015795,30,1,20,7
2681.6,2781.9,0.047505,0.01568,30,1,20,8
2617,2717.8,0.055484,0.01666,30,1,20,9
3312,3444.2,0.052528,0.015885,30,1,25,0
3164.6,3298.5,0.052875,0.015854,30,1,25,1
3137.4,3275.9,0.04892,0.015968,30,1,25,2
3277.1,3433.5,0.046708,0.015977,30,1,25,3
3319.9,3441.6,0.053715,0.015804,30,1,25,4
3335.7,3496,0.053209,0.01615,30,1,25,5
3187.3,3311.6,0.049413,0.016107,30,1,25,6
3271.5,3397.8,0.051553,0.015953,30,1,25,7
3198.6,3339.3,0.051526,0.015716,30,1,25,8
3166.1,3291.6,0.048097,0.015595,30,1,25,9
720.97,747.49,0.052223,0.015779,30,1,5,0
724.36,746.44,0.051778,0.015578,30,1,5,1
773.52,793.73,0.049111,0.015832,30,1,5,2
764.39,786.53,0.054657,0.015765,30,1,5,3
722.21,747.56,0.049337,0.016089,30,1,5,4
745.47,769.58,0.052719,0.016343,30,1,5,5
703.78,728.5,0.05045,0.015684,30,1,5,6
741.12,768.39,0.050335,0.016408,30,1,5,7
741.07,765.39,0.055502,0.015877,30,1,5,8
721.42,746.4,0.050849,0.01554,30,1,5,9
1008.2,1082.6,0.060879,0.018151,35,0.5,10,0
1093.9,1176.1,0.056159,0.01772,35,0.5,10,1
998.44,1076.5,0.060377,0.018017,35,0.5,10,2
973.12,1046.8,0.057512,0.018188,35,0.5,10,3
1023.4,1099.2,0.061598,0.018254,35,0.5,10,4
974.1,1046.5,0.060221,0.018247,35,0.5,10,5
1104.4,1175.1,0.063982,0.018129,35,0.5,10,6
944.26,1018.5,0.060323,0.018423,35,0.5,10,7
1039.9,1118.7,0.060812,0.017971,35,0.5,10,8
1022.7,1092.8,0.060354,0.018574,35,0.5,10,9
1520.8,1624,0.061198,0.018187,35,0.5,15,0
1625.9,1717.2,0.060909,0.018049,35,0.5,15,1
1471.8,1573.1,0.066386,0.017913,35,0.5,15,2
1417.5,1519.4,0.060602,0.018867,35,0.5,15,3
1489.5,1594.5,0.059562,0.018009,35,0.5,15,4
1525.7,1627.5,0.060157,0.018415,35,0.5,15,5
1444.2,1540.7,0.061317,0.018061,35,0.5,15,6
1523,1632.2,0.060698,0.018604,35,0.5,15,7
1454.3,1563.6,0.061223,0.021267,35,0.5,15,8
1572.1,1666.4,0.060717,0.017899,35,0.5,15,9
183.07,193.08,0.063937,0.018198,35,0.5,1,0
172.9,184.64,0.066132,0.018424,35,0.5,1,1
185.53,196.54,0.067514,0.0186,35,0.5,1,2
175.47,186.84,0.070308,0.018173,35,0.5,1,3
175.28,183.86,0.062979,0.018196,35,0.5,1,4
186.26,196.14,0.066684,0.018404,35,0.5,1,5
174.17,185.45,0.066521,0.018061,35,0.5,1,6
179.88,192.06,0.066828,0.018549,35,0.5,1,7
174.4,185.24,0.064415,0.018315,35,0.5,1,8
181.25,193.68,0.067747,0.018907,35,0.5,1,9
2147,2300.3,0.061404,0.017837,35,0.5,20,0
2063.7,2208.5,0.05581,0.018023,35,0.5,20,1
2113.3,2249.5,0.057149,0.017886,35,0.5,20,2
1987.9,2129.6,0.060957,0.018298,35,0.5,20,3
2053.2,2195,0.056179,0.018082,35,0.5,20,4
2029.6,2166,0.061475,0.018359,35,0.5,20,5
2049.3,2181.3,0.063999,0.018274,35,0.5,20,6
2037.9,2178.7,0.06084,0.018512,35,0.5,20,7
1896.1,2038.2,0.06057,0.018643,35,0.5,20,8
2071.2,2203.8,0.061258,0.018319,35,0.5,20,9
2446.5,2601.4,0.060826,0.018302,35,0.5,25,0
2731.7,2925.8,0.061057,0.018167,35,0.5,25,1
2571.8,2746.4,0.062852,0.01808,35,0.5,25,2
2340.4,2490.2,0.060413,0.018415,35,0.5,25,3
2594,2767.6,0.056248,0.018275,35,0.5,25,4
2538.8,2719.8,0.055681,0.018065,35,0.5,25,5
2582.1,2761,0.06098,0.018278,35,0.5,25,6
2379.6,2530.1,0.061218,0.018476,35,0.5,25,7
2477.1,2664.2,0.060252,0.018302,35,0.5,25,8
2478.3,2651.1,0.057141,0.0185,35,0.5,25,9
528.98,563.69,0.067211,0.01824,35,0.5,5,0
527.03,566.41,0.058692,0.018085,35,0.5,5,1
578.72,616.72,0.060697,0.018248,35,0.5,5,2
611.62,653.14,0.061587,0.017714,35,0.5,5,3
531.36,570.05,0.061659,0.018095,35,0.5,5,4
543.04,577.74,0.064044,0.018052,35,0.5,5,5
571.74,612.41,0.059875,0.018138,35,0.5,5,6
566.41,605.69,0.0633,0.018356,35,0.5,5,7
583.85,623.4,0.060292,0.018184,35,0.5,5,8
571.58,607.72,0.064628,0.017965,35,0.5,5,9
1806.9,1889.1,0.058816,0.01885,35,1,10,0
1862.9,1932.9,0.060978,0.01833,35,1,10,1
1809.1,1877.8,0.058216,0.019297,35,1,10,2
1777.1,1831.1,0.061573,0.018068,35,1,10,3
1865.3,1943.7,0.064407,0.0188,35,1,10,4
1850.7,1917.5,0.060763,0.018261,35,1,10,5
1890.3,1960.2,0.057262,0.018067,35,1,10,6
1845.3,1924.2,0.060464,0.018458,35,1,10,7
1926.9,1988.9,0.064272,0.018362,35,1,10,8
1836.6,1912.5,0.057178,0.017878,35,1,10,9
2657.6,2751.6,0.060065,0.018294,35,1,15,0
2801.4,2899.7,0.059733,0.017852,35,1,15,1
2629,2735.6,0.062445,0.018066,35,1,15,2
2658.4,2748.1,0.063989,0.018892,35,1,15,3
2669.3,2777.3,0.062569,0.018047,35,1,15,4
2640.6,2749.9,0.060798,0.018164,35,1,15,5
2620.5,2719.2,0.062365,0.017831,35,1,15,6
2712.7,2814.2,0.05927,0.018209,35,1,15,7
2720.3,2823.1,0.063735,0.018424,35,1,15,8
2599.7,2714.5,0.063485,0.018413,35,1,15,9
301.82,306.25,0.042317,0.018118,35,1,1,0
302.88,306.25,0.042673,0.018448,35,1,1,1
303.58,306.25,0.043915,0.018067,35,1,1,2
302.96,306.25,0.042266,0.018021,35,1,1,3
302.7,306.25,0.042599,0.01795,35,1,1,4
303.38,306.25,0.042533,0.018377,35,1,1,5
302.8,306.25,0.043324,0.018252,35,1,1,6
303.58,306.25,0.042671,0.018159,35,1,1,7
303.18,306.25,0.042562,0.017806,35,1,1,8
303.56,306.25,0.043452,0.018102,35,1,1,9
3551.8,3688.7,0.063634,0.018241,35,1,20,0
3452.8,3589.8,0.065081,0.018133,35,1,20,1
3523.8,3661.4,0.06356,0.018142,35,1,20,2
3703.8,3847.7,0.06042,0.018401,35,1,20,3
3564.5,3714,0.06051,0.018318,35,1,20,4
3544.2,3683,0.064042,0.018023,35,1,20,5
3438.6,3582.9,0.063894,0.018157,35,1,20,6
3551.4,3697.6,0.064297,0.018074,35,1,20,7
3589.8,3740.1,0.060439,0.018472,35,1,20,8
3645.6,3784.4,0.061611,0.018467,35,1,20,9
4475.4,4635.5,0.05859,0.018217,35,1,25,0
4122,4292.2,0.060818,0.018283,35,1,25,1
4334.1,4509.1,0.065463,0.01804,35,1,25,2
4297.1,4481.9,0.061459,0.018551,35,1,25,3
4420.1,4594.5,0.056931,0.01842,35,1,25,4
4403.4,4576.2,0.060078,0.018178,35,1,25,5
4487.9,4677.6,0.062324,0.017761,35,1,25,6
4533.2,4688.1,0.058096,0.01847,35,1,25,7
4378.6,4579.2,0.064098,0.018252,35,1,25,8
4388.3,4549.5,0.066548,0.01813,35,1,25,9
994.31,1030.3,0.056908,0.018314,35,1,5,0
994.5,1026.2,0.065544,0.018606,35,1,5,1
999.38,1036.9,0.061046,0.01848,35,1,5,2
1003.2,1037.5,0.059996,0.01826,35,1,5,3
1025.4,1054.6,0.064602,0.018317,35,1,5,4
1016.1,1052,0.056996,0.018193,35,1,5,5
1012.1,1045.9,0.061163,0.018315,35,1,5,6
1010.9,1047.1,0.060014,0.018091,35,1,5,7
1032.7,1065.7,0.068661,0.017914,35,1,5,8
949.84,988.14,0.060068,0.01826,35,1,5,9
1422.1,1518.2,0.067139,0.020832,40,0.5,10,0
1360.9,1452,0.074121,0.020491,40,0.5,10,1
1275.5,1369.2,0.064529,0.021222,40,0.5,10,2
1357.8,1457.7,0.059843,0.020233,40,0.5,10,3
1240,1321.9,0.06396,0.020464,40,0.5,10,4
1183.6,1278.9,0.065197,0.021313,40,0.5,10,5
1331.6,1414.3,0.065235,0.020441,40,0.5,10,6
1401.8,1502.8,0.065149,0.020714,40,0.5,10,7
1325.1,1416.4,0.068183,0.020778,40,0.5,10,8
1374.9,1470.1,0.06554,0.020558,40,0.5,10,9
1942.9,2072.4,0.066434,0.020821,40,0.5,15,0
1989.4,2108.8,0.066063,0.020549,40,0.5,15,1
1943.7,2092.9,0.063101,0.020835,40,0.5,15,2
2026.1,2156.6,0.064487,0.021418,40,0.5,15,3
1869.2,2019.1,0.065083,0.020916,40,0.5,15,4
2009.5,2135.5,0.065443,0.020883,40,0.5,15,5
2000.2,2135.5,0.064162,0.020955,40,0.5,15,6
1858.6,1977.9,0.066701,0.021506,40,0.5,15,7
1943.7,2078.6,0.06967,0.020524,40,0.5,15,8
1922.4,2052.1,0.068739,0.020475,40,0.5,15,9
228.19,243.04,0.072008,0.02017,40,0.5,1,0
232.02,246.56,0.076003,0.020506,40,0.5,1,1
229.3,241.93,0.079914,0.020451,40,0.5,1,2
244,257.96,0.071515,0.021311,40,0.5,1,3
230.14,245.88,0.072936,0.021748,40,0.5,1,4
243.82,257.26,0.072924,0.02097,40,0.5,1,5
227.97,242.19,0.076912,0.020699,40,0.5,1,6
243.26,257.09,0.071479,0.021584,40,0.5,1,7
230.36,244.08,0.075467,0.020617,40,0.5,1,8
232.16,246.6,0.072071,0.020561,40,0.5,1,9
2628.4,2820.2,0.061163,0.020408,40,0.5,20,0
2855.1,3044.4,0.06199,0.020184,40,0.5,20,1
2475.8,2641.8,0.066572,0.020491,40,0.5,20,2
2525.6,2701.8,0.065839,0.020362,40,0.5,20,3
2502.2,2668.3,0.064813,0.020673,40,0.5,20,4
2430,2593.3,0.065707,0.020357,40,0.5,20,5
2536.4,2714,0.06567,0.02095,40,0.5,20,6
2522.6,2687.8,0.060585,0.020762,40,0.5,20,7
2683.2,2864.1,0.071063,0.020756,40,0.5,20,8
2387.1,2561.3,0.064608,0.020546,40,0.5,20,9
3228.6,3453.3,0.060893,0.021356,40,0.5,25,0
3337.7,3531.5,0.070108,0.020366,40,0.5,25,1
2898.5,3105.5,0.063294,0.020914,40,0.5,25,2
3434.3,3662.8,0.065657,0.021529,40,0.5,25,3
3127.3,3359.7,0.065798,0.02085,40,0.5,25,4
3180.2,3393.8,0.06569,0.020718,40,0.5,25,5
3128.6,3356.1,0.064513,0.020304,40,0.5,25,6
3076.9,3297.2,0.066087,0.021306,40,0.5,25,7
3160.3,3361.2,0.064863,0.020644,40,0.5,25,8
3278.9,3507.7,0.064958,0.02004,40,0.5,25,9
778.33,829.34,0.063515,0.020233,40,0.5,5,0
706.57,757.19,0.065074,0.020252,40,0.5,5,1
733,777.55,0.067285,0.0202,40,0.5,5,2
729.92,778.51,0.065023,0.021761,40,0.5,5,3
727.48,771.85,0.068748,0.020623,40,0.5,5,4
758.06,815.25,0.084819,0.021977,40,0.5,5,5
733.6,781.36,0.068224,0.021019,40,0.5,5,6
687.95,738.04,0.068977,0.020807,40,0.5,5,7
765.95,820.13,0.070042,0.020656,40,0.5,5,8
757.95,811.57,0.064184,0.020384,40,0.5,5,9
2342.2,2419.3,0.069643,0.020613,40,1,10,0
2372.8,2470.2,0.06701,0.020727,40,1,10,1
2377.5,2468.2,0.078366,0.021328,40,1,10,2
2311.9,2401.9,0.068842,0.020941,40,1,10,3
2376.5,2464.4,0.065308,0.020221,40,1,10,4
2430.9,2514.4,0.07015,0.020724,40,1,10,5
2408,2501.6,0.070246,0.020892,40,1,10,6
2435.4,2515.2,0.072474,0.020267,40,1,10,7
2379.1,2462.4,0.072127,0.021569,40,1,10,8
2349.9,2438.9,0.066036,0.02069,40,1,10,9
3498,3632.8,0.073484,0.020274,40,1,15,0
3532.8,3660.1,0.068737,0.020332,40,1,15,1
3496.2,3624.8,0.066534,0.020492,40,1,15,2
3461.7,3597.8,0.064778,0.020646,40,1,15,3
3393,3522.8,0.066575,0.021533,40,1,15,4
3483.5,3597.9,0.06878,0.020293,40,1,15,5
3473.2,3593.1,0.069415,0.020612,40,1,15,6
3506.4,3629.4,0.071051,0.020894,40,1,15,7
3570.3,3702.5,0.07335,0.020486,40,1,15,8
3486.9,3615.6,0.070057,0.020392,40,1,15,9
396.11,400,0.049424,0.02075,40,1,1,0
396.56,400,0.049122,0.02086,40,1,1,1
396.63,400,0.053331,0.020542,40,1,1,2
395.83,400,0.049587,0.020989,40,1,1,3
396.33,400,0.050933,0.02115,40,1,1,4
396.33,400,0.050174,0.020963,40,1,1,5
396.81,400,0.051998,0.020224,40,1,1,6
395.81,400,0.056174,0.022506,40,1,1,7
396,400,0.052545,0.021797,40,1,1,8
396.82,400,0.052948,0.02156,40,1,1,9
4623.7,4807.6,0.084656,0.0248,40,1,20,0
4618.1,4781.2,0.065423,0.020177,40,1,20,1
4332.6,4506.6,0.070177,0.020701,40,1,20,2
4450.2,4650.8,0.072279,0.02114,40,1,20,3
4524.5,4706.7,0.07217,0.020487,40,1,20,4
4657.8,4810,0.080495,0.02034,40,1,20,5
4612.5,4731.7,0.07354,0.020519,40,1,20,6
4489.4,4658.9,0.071527,0.020833,40,1,20,7
4516.9,4694.8,0.061553,0.02096,40,1,20,8
4637.5,4792.3,0.069278,0.020651,40,1,20,9
5767.6,5955.6,0.074504,0.020747,40,1,25,0
5592.9,5771.3,0.072149,0.02214,40,1,25,1
5796.5,6016.9,0.07326,0.021358,40,1,25,2
5667.7,5876,0.068931,0.022215,40,1,25,3
5508.5,5704.2,0.065582,0.020667,40,1,25,4
5486.2,5690.5,0.065348,0.02139,40,1,25,5
5794.6,5997,0.069248,0.0204,40,1,25,6
5765.1,5994.3,0.064875,0.020235,40,1,25,7
5635.7,5858.6,0.069293,0.021191,40,1,25,8
5571.2,5786.8,0.069397,0.020249,40,1,25,9
1312,1347.3,0.069448,0.02042,40,1,5,0
1316.8,1363.3,0.064931,0.020405,40,1,5,1
1309,1350.4,0.069532,0.020405,40,1,5,2
1273.7,1314.7,0.068491,0.020513,40,1,5,3
1310.1,1348.2,0.073226,0.02094,40,1,5,4
1275.2,1324,0.066307,0.020366,40,1,5,5
1281.3,1328.6,0.073352,0.020471,40,1,5,6
1289.1,1335.4,0.069724,0.020696,40,1,5,7
1322.5,1362.6,0.0663,0.020383,40,1,5,8
1307,1343.2,0.071977,0.020724,40,1,5,9
1700.8,1808.1,0.07695,0.023389,45,0.5,10,0
1764.4,1874.7,0.078102,0.025172,45,0.5,10,1
1544.6,1657.6,0.076602,0.023404,45,0.5,10,2
1640.9,1751.6,0.077057,0.023302,45,0.5,10,3
1732.2,1855.8,0.077317,0.022911,45,0.5,10,4
1747.4,1863.3,0.077059,0.023281,45,0.5,10,5
1674.7,1785.8,0.083594,0.022626,45,0.5,10,6
1604.5,1708.3,0.081997,0.023142,45,0.5,10,7
1657.7,1763.7,0.081973,0.022395,45,0.5,10,8
1559.6,1667.9,0.080574,0.022764,45,0.5,10,9
2483.4,2633.6,0.077743,0.022314,45,0.5,15,0
2409.2,2578.6,0.077751,0.023039,45,0.5,15,1
2519,2671.8,0.077613,0.022409,45,0.5,15,2
2491,2647.4,0.077072,0.022952,45,0.5,15,3
2310.7,2471.6,0.078333,0.022655,45,0.5,15,4
2418.9,2578.4,0.07768,0.02333,45,0.5,15,5
2447.6,2621,0.084434,0.022675,45,0.5,15,6
2530,2689.7,0.076869,0.023012,45,0.5,15,7
2362.4,2512.9,0.07781,0.022878,45,0.5,15,8
2489.1,2652.3,0.077725,0.023033,45,0.5,15,9
287.95,305.75,0.090151,0.02308,45,0.5,1,0
298.89,314.79,0.088934,0.023232,45,0.5,1,1
300.44,316.33,0.085328,0.022887,45,0.5,1,2
311.3,327.94,0.090809,0.022658,45,0.5,1,3
304.7,319.85,0.09003,0.022687,45,0.5,1,4
291.32,307.85,0.084596,0.022746,45,0.5,1,5
307.04,324.63,0.086459,0.02262,45,0.5,1,6
287.16,305.17,0.090477,0.022951,45,0.5,1,7
284.9,302.64,0.091028,0.022976,45,0.5,1,8
296.7,314.54,0.086114,0.022853,45,0.5,1,9
3311.4,3506.8,0.077252,0.022927,45,0.5,20,0
3050.4,3273.7,0.078139,0.023037,45,0.5,20,1
3199.5,3408.3,0.07741,0.022869,45,0.5,20,2
3406.3,3642.9,0.078734,0.023546,45,0.5,20,3
3200.1,3415.4,0.077541,0.022987,45,0.5,20,4
3047.6,3234.8,0.076408,0.023354,45,0.5,20,5
3231.4,3453.2,0.076964,0.023141,45,0.5,20,6
3316,3536.3,0.077473,0.022973,45,0.5,20,7
3353.6,3572,0.076135,0.023448,45,0.5,20,8
3399.4,3616.4,0.077546,0.023289,45,0.5,20,9
4001.4,4259.5,0.077183,0.022784,45,0.5,25,0
4071.6,4341.4,0.077721,0.022675,45,0.5,25,1
4061.2,4344.7,0.079122,0.023138,45,0.5,25,2
3961.9,4223.8,0.077652,0.023205,45,0.5,25,3
4097.3,4369.5,0.077657,0.023311,45,0.5,25,4
4136.4,4417.1,0.077088,0.02349,45,0.5,25,5
3958.6,4212.7,0.078196,0.022868,45,0.5,25,6
3824.2,4073,0.077398,0.023031,45,0.5,25,7
3937.9,4192.1,0.083623,0.023143,45,0.5,25,8
4261.9,4558.1,0.072636,0.024077,45,0.5,25,9
918.21,976.19,0.078274,0.02279,45,0.5,5,0
919.35,974.64,0.081774,0.022605,45,0.5,5,1
885.97,941.48,0.082509,0.022831,45,0.5,5,2
927.1,981.11,0.081374,0.022336,45,0.5,5,3
935.38,998.48,0.081851,0.025259,45,0.5,5,4
924.71,987.95,0.077296,0.022754,45,0.5,5,5
938.37,996.45,0.081168,0.023349,45,0.5,5,6
918.29,983.58,0.080457,0.022929,45,0.5,5,7
889.38,955.32,0.077362,0.022532,45,0.5,5,8
930.3,983.51,0.081726,0.022616,45,0.5,5,9
3001.9,3125.6,0.077752,0.023205,45,1,10,0
2906.2,3014.9,0.077159,0.022377,45,1,10,1
3040.1,3138.5,0.086498,0.022926,45,1,10,2
3049.7,3149.6,0.080163,0.023103,45,1,10,3
3028.3,3148.3,0.11727,0.022545,45,1,10,4
3055.1,3157,0.086067,0.022783,45,1,10,5
3031.5,3130.6,0.08711,0.023537,45,1,10,6
2960.5,3071.8,0.087663,0.023467,45,1,10,7
2983.7,3087.4,0.084996,0.023571,45,1,10,8
3108.7,3195.9,0.082765,0.022743,45,1,10,9
4325.8,4482.8,0.083899,0.022654,45,1,15,0
4409.4,4566.2,0.085559,0.023,45,1,15,1
4337.9,4461.9,0.082261,0.023301,45,1,15,2
4442.4,4596.3,0.077498,0.022763,45,1,15,3
4437.9,4588.2,0.080832,0.023084,45,1,15,4
4416.3,4571.2,0.078858,0.022901,45,1,15,5
4374.8,4521.6,0.08167,0.023011,45,1,15,6
4347.4,4508.8,0.077201,0.022909,45,1,15,7
4381.6,4531.8,0.076457,0.02338,45,1,15,8
4428.3,4586,0.088922,0.023356,45,1,15,9
501.82,506.25,0.074999,0.023546,45,1,1,0
501.24,506.25,0.076736,0.0226,45,1,1,1
502.72,506.25,0.074716,0.022857,45,1,1,2
502.32,506.25,0.075092,0.023198,45,1,1,3
502.1,506.25,0.075002,0.022621,45,1,1,4
502.86,506.25,0.075206,0.022744,45,1,1,5
502.04,506.25,0.074709,0.022768,45,1,1,6
502.2,506.25,0.075446,0.023171,45,1,1,7
502.66,506.25,0.075397,0.022872,45,1,1,8
502.92,506.25,0.075418,0.023104,45,1,1,9
5883.9,6096.2,0.082335,0.022985,45,1,20,0
5795.5,6013.9,0.082091,0.022965,45,1,20,1
5765.4,5955.5,0.086623,0.022882,45,1,20,2
5871.3,6087.6,0.083406,0.023014,45,1,20,3
5764.3,5969.1,0.08271,0.022628,45,1,20,4
5821.5,6007,0.083571,0.022776,45,1,20,5
5869.5,6086.6,0.085944,0.022699,45,1,20,6
5806.3,6003.7,0.087766,0.022563,45,1,20,7
5947.3,6156,0.077183,0.022843,45,1,20,8
5746.9,5954.3,0.081832,0.022714,45,1,20,9
7200.4,7453.6,0.076622,0.022659,45,1,25,0
7312.9,7569.1,0.081404,0.022595,45,1,25,1
7129.8,7412.4,0.081451,0.02274,45,1,25,2
7233.8,7495,0.081769,0.022571,45,1,25,3
7351.2,7593.7,0.081731,0.022711,45,1,25,4
7319.2,7567.5,0.081755,0.023168,45,1,25,5
7521.6,7796.2,0.086501,0.022427,45,1,25,6
7219,7505.4,0.083805,0.023095,45,1,25,7
7114.6,7411.7,0.078105,0.023343,45,1,25,8
7007.2,7278.3,0.081874,0.022906,45,1,25,9
1645.4,1697.8,0.087803,0.023318,45,1,5,0
1657.7,1706.3,0.085069,0.022955,45,1,5,1
1615,1663.6,0.093421,0.022986,45,1,5,2
1627.1,1681.1,0.081464,0.023393,45,1,5,3
1668.8,1722.6,0.081992,0.023288,45,1,5,4
1667.7,1718.9,0.087149,0.026192,45,1,5,5
1619.3,1668.8,0.087575,0.022612,45,1,5,6
1621.5,1678.1,0.08087,0.023368,45,1,5,7
1651,1707.4,0.085813,0.022923,45,1,5,8
1620.5,1671.8,0.081289,0.023568,45,1,5,9
2131.6,2271.3,0.090196,0.025856,50,0.5,10,0
2003.8,2134,0.086444,0.025924,50,0.5,10,1
1985.7,2110.8,0.089533,0.025373,50,0.5,10,2
2089.9,2215.2,0.093214,0.025918,50,0.5,10,3
2162.3,2292.4,0.087858,0.025571,50,0.5,10,4
2169.7,2307.8,0.091845,0.026021,50,0.5,10,5
2036.3,2172.4,0.093866,0.025149,50,0.5,10,6
2102.5,2235.1,0.08777,0.026278,50,0.5,10,7
2170.6,2313.4,0.09202,0.025741,50,0.5,10,8
2129.8,2259.7,0.086058,0.026331,50,0.5,10,9
3002,3209.3,0.090965,0.025218,50,0.5,15,0
2978,3175.1,0.087472,0.026161,50,0.5,15,1
2957.9,3168.7,0.089005,0.025868,50,0.5,15,2
2810.1,3008,0.087309,0.025629,50,0.5,15,3
3036.4,3224.4,0.092134,0.02583,50,0.5,15,4
3086.7,3277.7,0.087626,0.026126,50,0.5,15,5
3076.4,3258.3,0.088352,0.026301,50,0.5,15,6
3080.3,3288.2,0.086983,0.025626,50,0.5,15,7
3038.1,3242.1,0.088274,0.02578,50,0.5,15,8
3035.8,3249,0.087567,0.025572,50,0.5,15,9
350.41,371.98,0.10838,0.025206,50,0.5,1,0
365.69,384.18,0.10199,0.025765,50,0.5,1,1
361.51,380.83,0.10016,0.025354,50,0.5,1,2
360.74,381.27,0.10179,0.025682,50,0.5,1,3
358.02,377.12,0.1015,0.025306,50,0.5,1,4
353.46,373.61,0.10111,0.027295,50,0.5,1,5
355.23,375.38,0.10099,0.025075,50,0.5,1,6
374.15,392.38,0.10131,0.025858,50,0.5,1,7
370.24,390.45,0.10201,0.025087,50,0.5,1,8
363.55,383.48,0.099576,0.025393,50,0.5,1,9
4059.3,4325,0.086784,0.025,50,0.5,20,0
3875.4,4142.8,0.086823,0.025269,50,0.5,20,1
3955.5,4250.3,0.087123,0.025227,50,0.5,20,2
3968.2,4224,0.086183,0.026126,50,0.5,20,3
4045.8,4313.6,0.087382,0.024846,50,0.5,20,4
3828,4117.1,0.08806,0.025005,50,0.5,20,5
4032.5,4251,0.087236,0.025058,50,0.5,20,6
3708.6,3968.4,0.1001,0.025104,50,0.5,20,7
4132.8,4358,0.09424,0.031384,50,0.5,20,8
3885.1,4117.3,0.093666,0.025964,50,0.5,20,9
5120.1,5462.8,0.08116,0.025751,50,0.5,25,0
4966.3,5336.7,0.086243,0.024965,50,0.5,25,1
4942.9,5205.9,0.09409,0.025721,50,0.5,25,2
4902.8,5238.5,0.091556,0.025113,50,0.5,25,3
4887.8,5223.6,0.087199,0.025228,50,0.5,25,4
4689.9,5003.6,0.088169,0.025467,50,0.5,25,5
4997.2,5340.8,0.088479,0.024902,50,0.5,25,6
4818.7,5136.9,0.087833,0.025531,50,0.5,25,7
4629.8,4951.1,0.090442,0.025323,50,0.5,25,8
4516.5,4839.1,0.086565,0.025457,50,0.5,25,9
1132.4,1194.5,0.088937,0.025542,50,0.5,5,0
1077.2,1143.7,0.091703,0.02524,50,0.5,5,1
1141.7,1212.1,0.087927,0.025635,50,0.5,5,2
1157.8,1231.9,0.092011,0.025079,50,0.5,5,3
1135.1,1201.5,0.093238,0.02634,50,0.5,5,4
1096.6,1169.4,0.094893,0.025036,50,0.5,5,5
1132.6,1206,0.092266,0.025394,50,0.5,5,6
1075.2,1150.5,0.091391,0.024859,50,0.5,5,7
1077.5,1141.9,0.086571,0.025525,50,0.5,5,8
1081.9,1149.1,0.093052,0.025876,50,0.5,5,9
3731,3854.4,0.092455,0.025538,50,1,10,0
3638.3,3773,0.093044,0.025699,50,1,10,1
3799.4,3920.7,0.10328,0.02523,50,1,10,2
3730.7,3865.7,0.097382,0.02566,50,1,10,3
3721.5,3835.3,0.098074,0.025481,50,1,10,4
3769.3,3895.3,0.092086,0.025181,50,1,10,5
3734.3,3863.4,0.092884,0.025405,50,1,10,6
3646.3,3771.8,0.098384,0.025622,50,1,10,7
3736.3,3867.9,0.098977,0.025768,50,1,10,8
3711.5,3844.8,0.09768,0.025122,50,1,10,9
5551.8,5725.5,0.09716,0.02489,50,1,15,0
5436.7,5614.5,0.097543,0.025553,50,1,15,1
5483.7,5669.4,0.09896,0.025533,50,1,15,2
5483.4,5681.9,0.099158,0.025484,50,1,15,3
5443.5,5629.7,0.097869,0.025142,50,1,15,4
5303.5,5513.3,0.10058,0.026471,50,1,15,5
5317,5516.3,0.09428,0.026489,50,1,15,6
5501.3,5684.7,0.10352,0.026107,50,1,15,7
5402.1,5590.6,0.092998,0.024738,50,1,15,8
5422.5,5604.2,0.097013,0.025822,50,1,15,9
620.48,625,0.099837,0.024994,50,1,1,0
620.34,625,0.099071,0.024938,50,1,1,1
620.91,625,0.10069,0.025551,50,1,1,2
620.47,625,0.099529,0.024987,50,1,1,3
620.36,625,0.098977,0.025569,50,1,1,4
619.63,625,0.099337,0.026888,50,1,1,5
620.64,625,0.1111,0.02651,50,1,1,6
620.42,625,0.098617,0.02646,50,1,1,7
619.25,625,0.10251,0.025778,50,1,1,8
620.53,625,0.098883,0.025412,50,1,1,9
7082.4,7327.3,0.092979,0.026443,50,1,20,0
7098.5,7365,0.086671,0.025473,50,1,20,1
6992.2,7236.1,0.093271,0.025394,50,1,20,2
7329.9,7592.3,0.095191,0.024938,50,1,20,3
7125.5,7368.5,0.088831,0.025337,50,1,20,4
7009.1,7278.9,0.098631,0.026048,50,1,20,5
7308.4,7558.2,0.092989,0.025437,50,1,20,6
7152,7432,0.097344,0.025791,50,1,20,7
6950.1,7207,0.097652,0.025744,50,1,20,8
7348.8,7602.1,0.092011,0.025475,50,1,20,9
8824.1,9161.1,0.099258,0.025376,50,1,25,0
8703.6,9001.4,0.092794,0.024998,50,1,25,1
8822.6,9110.6,0.099561,0.025656,50,1,25,2
9122.4,9431.7,0.097713,0.025356,50,1,25,3
8807.2,9149.9,0.088166,0.025814,50,1,25,4
8725,9077.6,0.092824,0.025717,50,1,25,5
8673.3,8972.5,0.09208,0.025881,50,1,25,6
8689.8,9010.7,0.0939,0.025585,50,1,25,7
9063,9359,0.097727,0.025524,50,1,25,8
8924.2,9244.8,0.09276,0.025101,50,1,25,9
2034.4,2090.5,0.1039,0.025471,50,1,5,0
1987.8,2048.5,0.092612,0.026204,50,1,5,1
2039.8,2108.5,0.093327,0.025419,50,1,5,2
1979.9,2042.5,0.098305,0.025127,50,1,5,3
2052.7,2113.7,0.097835,0.02554,50,1,5,4
2029,2098.8,0.099235,0.025517,50,1,5,5
2014.7,2071.8,0.0982,0.02497,50,1,5,6
2054.9,2123.2,0.1039,0.02563,50,1,5,7
1975.1,2036.9,0.098174,0.025598,50,1,5,8
2001.7,2064.5,0.09331,0.025543,50,1,5,9
2580.6,2731.3,0.10255,0.027492,55,0.5,10,0
2380.6,2532.7,0.1093,0.027554,55,0.5,10,1
2506.1,2643.5,0.10227,0.028173,55,0.5,10,2
2474.9,2627.5,0.10279,0.028222,55,0.5,10,3
2501,2661.1,0.10935,0.027502,55,0.5,10,4
2396.8,2550.9,0.10205,0.028146,55,0.5,10,5
2582.6,2735.1,0.10475,0.027513,55,0.5,10,6
2407,2562.8,0.10177,0.028217,55,0.5,10,7
2415.9,2565.6,0.10363,0.028383,55,0.5,10,8
2444.3,2604.2,0.10208,0.027413,55,0.5,10,9
3622.9,3848,0.10426,0.027735,55,0.5,15,0
3526.4,3761.6,0.10337,0.028615,55,0.5,15,1
3737.6,3967.6,0.09874,0.028917,55,0.5,15,2
3603.1,3832.8,0.10359,0.027207,55,0.5,15,3
3726,3957.6,0.10229,0.027843,55,0.5,15,4
3675.8,3880,0.10513,0.02768,55,0.5,15,5
3686.9,3919.3,0.10279,0.027609,55,0.5,15,6
3535.9,3745.1,0.1029,0.028371,55,0.5,15,7
3715.1,3946.9,0.10289,0.027767,55,0.5,15,8
3481,3700,0.10422,0.027022,55,0.5,15,9
440.97,463.6,0.12107,0.028188,55,0.5,1,0
430.49,455.75,0.12565,0.028266,55,0.5,1,1
436.48,461.43,0.1274,0.027971,55,0.5,1,2
433.22,457.79,0.12587,0.027671,55,0.5,1,3
426.53,448.87,0.12005,0.027988,55,0.5,1,4
439.9,463.19,0.12062,0.027637,55,0.5,1,5
436.08,462.5,0.12564,0.028253,55,0.5,1,6
433.57,455.93,0.11878,0.027935,55,0.5,1,7
438.06,461.94,0.11987,0.027932,55,0.5,1,8
435.91,460.13,0.12833,0.028589,55,0.5,1,9
5084.5,5428.1,0.09813,0.027969,55,0.5,20,0
4908.1,5220.9,0.10325,0.027645,55,0.5,20,1
4821.8,5102.1,0.10152,0.027299,55,0.5,20,2
4690.1,4997.6,0.10767,0.027329,55,0.5,20,3
4931.1,5250.7,0.10305,0.03005,55,0.5,20,4
4679.2,4968.7,0.109,0.027541,55,0.5,20,5
4619.1,4943.3,0.10314,0.027499,55,0.5,20,6
4818.8,5134.6,0.11048,0.027799,55,0.5,20,7
4734,5034.8,0.11769,0.029341,55,0.5,20,8
4905.5,5217.6,0.10572,0.028853,55,0.5,20,9
6340.4,6732.6,0.10401,0.028824,55,0.5,25,0
6037,6428.3,0.11381,0.029338,55,0.5,25,1
5751.1,6114.7,0.10378,0.028832,55,0.5,25,2
5904.5,6286.9,0.12104,0.027671,55,0.5,25,3
5978.1,6373.1,0.1034,0.034247,55,0.5,25,4
5838.7,6232.9,0.10978,0.028278,55,0.5,25,5
5966.7,6331.2,0.13189,0.027801,55,0.5,25,6
5868.6,6252.9,0.11459,0.029948,55,0.5,25,7
6067.6,6446.7,0.12017,0.027762,55,0.5,25,8
5909,6278.9,0.10385,0.028375,55,0.5,25,9
1342.2,1423.2,0.11264,0.028445,55,0.5,5,0
1292.8,1374.1,0.10748,0.027227,55,0.5,5,1
1332,1407,0.10967,0.028097,55,0.5,5,2
1346.6,1431.6,0.10993,0.02768,55,0.5,5,3
1321.2,1401.6,0.10315,0.028468,55,0.5,5,4
1272.3,1355.1,0.11436,0.027994,55,0.5,5,5
1294.8,1372.2,0.10902,0.028439,55,0.5,5,6
1340.7,1431.4,0.11593,0.030074,55,0.5,5,7
1351.7,1435,0.11185,0.027874,55,0.5,5,8
1386.1,1466.9,0.10844,0.027701,55,0.5,5,9
4506.5,4667.8,0.11523,0.028352,55,1,10,0
4431.9,4577,0.11125,0.028141,55,1,10,1
4436.1,4578.5,0.11034,0.027454,55,1,10,2
4440.7,4587.7,0.13224,0.030121,55,1,10,3
4605.6,4716.9,0.11797,0.028199,55,1,10,4
4492.8,4643.2,0.11151,0.028354,55,1,10,5
4529.4,4681.3,0.11848,0.027897,55,1,10,6
4503.9,4644.2,0.11265,0.027852,55,1,10,7
4531.3,4661.5,0.11903,0.032427,55,1,10,8
4416.3,4587.5,0.1124,0.028528,55,1,10,9
6462.8,6680.3,0.11394,0.029622,55,1,15,0
6557.3,6787.8,0.10377,0.028507,55,1,15,1
6710.4,6923.2,0.12496,0.028865,55,1,15,2
6414.4,6627.8,0.1111,0.032885,55,1,15,3
6461.5,6667.3,0.11619,0.028235,55,1,15,4
6450.1,6683.2,0.1056,0.028338,55,1,15,5
6499.4,6724.7,0.11624,0.029046,55,1,15,6
6634.2,6829.1,0.11227,0.027954,55,1,15,7
6558.9,6796.8,0.11995,0.028098,55,1,15,8
6636.8,6852.5,0.11774,0.02793,55,1,15,9
750.52,756.25,0.080954,0.02762,55,1,1,0
751.02,756.25,0.078375,0.028617,55,1,1,1
749.72,756.25,0.079787,0.028048,55,1,1,2
751.14,756.25,0.078959,0.028178,55,1,1,3
750.64,756.25,0.079382,0.028386,55,1,1,4
751.62,756.25,0.080334,0.027848,55,1,1,5
751.64,756.25,0.079343,0.027356,55,1,1,6
751.74,756.25,0.079317,0.028215,55,1,1,7
751.68,756.25,0.081361,0.028042,55,1,1,8
750.82,756.25,0.082007,0.028094,55,1,1,9
8631.6,8937.6,0.11718,0.02847,55,1,20,0
8896.3,9173,0.11115,0.028552,55,1,20,1
8796.3,9091.6,0.12046,0.028726,55,1,20,2
8514,8828.2,0.11811,0.027667,55,1,20,3
8632.1,8927.8,0.11625,0.028167,55,1,20,4
8590.1,8914.7,0.10939,0.027795,55,1,20,5
8630,8916.2,0.11457,0.038371,55,1,20,6
8586.9,8857,0.11253,0.028465,55,1,20,7
8639.4,8944.7,0.11945,0.028496,55,1,20,8
8340.8,8634.9,0.10904,0.02836,55,1,20,9
10640,10999,0.12373,0.028131,55,1,25,0
10765,11138,0.11064,0.028006,55,1,25,1
11027,11381,0.11992,0.028432,55,1,25,2
10461,10845,0.11324,0.02831,55,1,25,3
10735,11108,0.12846,0.028138,55,1,25,4
10527,10898,0.11817,0.02889,55,1,25,5
10736,11101,0.11721,0.029227,55,1,25,6
11012,11388,0.11104,0.027869,55,1,25,7
10821,11192,0.11111,0.028001,55,1,25,8
10626,10971,0.1126,0.028503,55,1,25,9
2425.5,2497.9,0.11878,0.028041,55,1,5,0
2428.7,2503.9,0.11108,0.028642,55,1,5,1
2408.1,2480.7,0.1157,0.027598,55,1,5,2
2442.1,2521.3,0.12036,0.028178,55,1,5,3
2428.9,2511.5,0.11663,0.028139,55,1,5,4
2433.8,2504.3,0.1195,0.028213,55,1,5,5
2433.8,2503.9,0.10686,0.029107,55,1,5,6
2446.2,2520.1,0.12409,0.027724,55,1,5,7
2392.8,2469.3,0.11766,0.027983,55,1,5,8
2389.3,2464.9,0.1161,0.027457,55,1,5,9
27,27,0.02392,0.0045261,5,0.5,10,0
23,23,0.023613,0.0050971,5,0.5,10,1
35.24,37.47,0.025313,0.004495,5,0.5,10,2
40,40,0.021959,0.0044974,5,0.5,10,3
23,23,0.024801,0.0045182,5,0.5,10,4
26,26,0.025345,0.0045932,5,0.5,10,5
17,17,0.02071,0.0069487,5,0.5,10,6
19,19,0.023444,0.0044538,5,0.5,10,7
23,23,0.024335,0.0045251,5,0.5,10,8
17,17,0.022073,0.0052943,5,0.5,10,9
40,40,0.023769,0.0045032,5,0.5,15,0
49,49,0.019591,0.0044682,5,0.5,15,1
28,28,0.023458,0.0045492,5,0.5,15,2
23.05,24.504,0.025799,0.004639,5,0.5,15,3
47,47,0.025064,0.0044613,5,0.5,15,4
41,41,0.022591,0.0044839,5,0.5,15,5
47,47,0.021056,0.004377,5,0.5,15,6
52.52,55.769,0.025577,0.0045179,5,0.5,15,7
29.38,31.251,0.024553,0.0045008,5,0.5,15,8
55,55,0.023854,0.0045194,5,0.5,15,9
2,2,0.008878,0.0044767,5,0.5,1,0
3,3.25,0.023585,0.0045116,5,0.5,1,1
5,5,0.027715,0.004414,5,0.5,1,2
2,2,0.016202,0.0054476,5,0.5,1,3
4.79,5.1855,0.019265,0.0047827,5,0.5,1,4
5,5,0.029739,0.0045429,5,0.5,1,5
4,4.25,0.023067,0.0050965,5,0.5,1,6
3,3.25,0.024483,0.0044529,5,0.5,1,7
4,4.25,0.023561,0.0046492,5,0.5,1,8
4.81,5.1855,0.025122,0.0044197,5,0.5,1,9
54.21,57.863,0.027425,0.0044917,5,0.5,20,0
25,25,0.033028,0.0050968,5,0.5,20,1
32,32,0.022429,0.0045399,5,0.5,20,2
64,64,0.028085,0.0046465,5,0.5,20,3
39,39,0.02683,0.0044378,5,0.5,20,4
11,11,0.025562,0.0045929,5,0.5,20,5
29,29,0.02649,0.0044893,5,0.5,20,6
59.4,62.26,0.024947,0.0047685,5,0.5,20,7
49,49,0.027172,0.0044815,5,0.5,20,8
61.26,64.043,0.024365,0.0046691,5,0.5,20,9
53,53,0.025525,0.0046016,5,0.5,25,0
56,56,0.024703,0.0045044,5,0.5,25,1
41,41,0.024225,0.0047821,5,0.5,25,2
55,55,0.021799,0.0047068,5,0.5,25,3
54,54,0.026362,0.004523,5,0.5,25,4
69,69,0.025439,0.0044679,5,0.5,25,5
60,60,0.024141,0.0044535,5,0.5,25,6
46,46,0.018898,0.0044968,5,0.5,25,7
80,80,0.026723,0.0044727,5,0.5,25,8
39,39,0.021815,0.0047703,5,0.5,25,9
12.26,13.069,0.024905,0.0045402,5,0.5,5,0
10,10,0.02171,0.0044833,5,0.5,5,1
11.07,12.074,0.023636,0.0044812,5,0.5,5,2
16,16,0.024875,0.004405,5,0.5,5,3
20,21.25,0.022027,0.0049281,5,0.5,5,4
6,6,0.021556,0.0046547,5,0.5,5,5
20,20,0.025108,0.0044258,5,0.5,5,6
17.6,18.008,0.024735,0.0044652,5,0.5,5,7
11.24,12.204,0.024583,0.0046224,5,0.5,5,8
0,0,0.0081263,0.0080387,5,0.5,5,9
39.68,42.361,0.02609,0.0045667,5,1,10,0
43.99,48.043,0.027504,0.0045742,5,1,10,1
43,43,0.02731,0.0045261,5,1,10,2
46,46,0.021128,0.0044974,5,1,10,3
47.31,49.04,0.027644,0.0054476,5,1,10,4
38.48,40.91,0.027121,0.0045128,5,1,10,5
24.68,26.241,0.024009,0.0044809,5,1,10,6
37.95,41.615,0.024316,0.0044875,5,1,10,7
34.45,36.251,0.026852,0.0046884,5,1,10,8
45.17,48.947,0.021485,0.0045794,5,1,10,9
63.57,69.233,0.026024,0.0046224,5,1,15,0
54.93,59.434,0.026571,0.0045709,5,1,15,1
66,66,0.021965,0.0046598,5,1,15,2
43.68,47.455,0.021822,0.0045474,5,1,15,3
53.72,55.03,0.025702,0.0043782,5,1,15,4
54.85,57.921,0.028948,0.0045062,5,1,15,5
56.99,59.628,0.026367,0.0051094,5,1,15,6
57.8,63.361,0.024071,0.0046035,5,1,15,7
50.73,54.31,0.02687,0.0047212,5,1,15,8
68.68,73.896,0.034512,0.0044884,5,1,15,9
5.8,6.25,0.0092455,0.0045233,5,1,1,0
5.84,6.25,0.0092587,0.0046655,5,1,1,1
5.88,6.25,0.0094087,0.004498,5,1,1,2
5.68,6.25,0.0092045,0.0045944,5,1,1,3
5.82,6.25,0.0097228,0.0044974,5,1,1,4
5.76,6.25,0.009446,0.0046185,5,1,1,5
5.78,6.25,0.0091997,0.0047034,5,1,1,6
5.88,6.25,0.0093048,0.0044923,5,1,1,7
5.76,6.25,0.0091376,0.0045137,5,1,1,8
5.72,6.25,0.0095861,0.0045477,5,1,1,9
76.27,81.044,0.026996,0.0044393,5,1,20,0
82.39,89.067,0.024348,0.0044691,5,1,20,1
64.98,68.908,0.027407,0.0046056,5,1,20,2
82,82,0.022953,0.0045839,5,1,20,3
78.06,85.06,0.025314,0.0044941,5,1,20,4
79,79,0.021742,0.0045122,5,1,20,5
76.17,81.159,0.024026,0.0047284,5,1,20,6
74.14,78.679,0.023947,0.0046266,5,1,20,7
93.5,99.875,0.026755,0.0045619,5,1,20,8
82.2,89.142,0.027963,0.0048453,5,1,20,9
84,84,0.027164,0.0045041,5,1,25,0
84,84,0.024262,0.0045179,5,1,25,1
97.32,104.11,0.027347,0.0044848,5,1,25,2
106.51,114.85,0.024955,0.0045646,5,1,25,3
90.56,94.172,0.026708,0.0045414,5,1,25,4
79.53,82.083,0.026961,0.0044785,5,1,25,5
109.81,119.58,0.024057,0.0045556,5,1,25,6
97,97,0.021241,0.0044002,5,1,25,7
115.72,117.85,0.02297,0.0045429,5,1,25,8
93,93,0.022923,0.0044959,5,1,25,9
16.61,17.441,0.024982,0.0044008,5,1,5,0
21.98,23.04,0.027303,0.0047549,5,1,5,1
19.75,20.812,0.026742,0.0044267,5,1,5,2
20.87,21,0.023678,0.004395,5,1,5,3
22,22,0.021778,0.0044646,5,1,5,4
18.63,19.202,0.019478,0.0045188,5,1,5,5
17.75,19.088,0.025193,0.0045736,5,1,5,6
21.01,22.14,0.026525,0.0047447,5,1,5,7
21.05,22.841,0.0191,0.0046257,5,1,5,8
20.48,21.007,0.025712,0.0044764,5,1,5,9
2921.5,3103.5,0.11898,0.031623,60,0.5,10,0
2854,3036.4,0.11539,0.029966,60,0.5,10,1
3011.9,3185,0.11955,0.030541,60,0.5,10,2
2937.4,3130.3,0.12557,0.030245,60,0.5,10,3
2911.8,3099.6,0.11819,0.029954,60,0.5,10,4
2946.1,3137.4,0.11868,0.030629,60,0.5,10,5
2881.6,3061.5,0.1171,0.029641,60,0.5,10,6
3091.1,3266.4,0.12365,0.030251,60,0.5,10,7
2884.4,3067,0.1166,0.030391,60,0.5,10,8
3011,3209.2,0.11923,0.030128,60,0.5,10,9
4292.5,4563.7,0.11101,0.029982,60,0.5,15,0
4181.8,4437.4,0.11921,0.029872,60,0.5,15,1
4053.6,4324.8,0.11529,0.030086,60,0.5,15,2
4123.6,4394.6,0.11947,0.030934,60,0.5,15,3
4418.5,4692.4,0.11135,0.031593,60,0.5,15,4
4259.3,4500.7,0.12131,0.029781,60,0.5,15,5
4326.6,4586.5,0.11896,0.030398,60,0.5,15,6
4365.6,4624.1,0.11835,0.030264,60,0.5,15,7
4237.6,4478.7,0.10938,0.031169,60,0.5,15,8
4128.5,4396.9,0.11011,0.030211,60,0.5,15,9
522.89,549.01,0.12933,0.030205,60,0.5,1,0
518.61,546.05,0.13788,0.032735,60,0.5,1,1
513.36,542.92,0.13617,0.030502,60,0.5,1,2
511.03,540.93,0.13651,0.029973,60,0.5,1,3
510.31,538.23,0.13589,0.03027,60,0.5,1,4
522.29,550.78,0.13128,0.030106,60,0.5,1,5
529.56,560.28,0.13887,0.029955,60,0.5,1,6
513.95,539.6,0.13581,0.030598,60,0.5,1,7
518.25,544.62,0.12937,0.031236,60,0.5,1,8
530.07,557.99,0.12978,0.029857,60,0.5,1,9
5781.4,6155.4,0.11298,0.029739,60,0.5,20,0
5671.4,6037.3,0.11186,0.030259,60,0.5,20,1
5625.7,5987,0.11177,0.030444,60,0.5,20,2
5732.2,6095.9,0.11202,0.03032,60,0.5,20,3
5638.5,6015.6,0.11971,0.03048,60,0.5,20,4
5841.3,6205.9,0.10991,0.031174,60,0.5,20,5
5739.4,6062,0.11889,0.030609,60,0.5,20,6
5569.4,5925.4,0.11281,0.030053,60,0.5,20,7
5503.4,5863.7,0.11144,0.030128,60,0.5,20,8
5668.9,6034.9,0.11019,0.029661,60,0.5,20,9
6941.1,7369.6,0.11122,0.03055,60,0.5,25,0
7238.8,7681.7,0.11069,0.030457,60,0.5,25,1
6877.8,7350.5,0.1157,0.02951,60,0.5,25,2
6999.4,7431.6,0.1121,0.030504,60,0.5,25,3
7105.2,7549,0.11225,0.030134,60,0.5,25,4
6814.1,7227.9,0.11297,0.031367,60,0.5,25,5
6924.2,7381.4,0.11938,0.030026,60,0.5,25,6
7026.9,7437.9,0.12153,0.029926,60,0.5,25,7
7158.9,7618,0.11534,0.030499,60,0.5,25,8
7260.2,7727.9,0.11227,0.030356,60,0.5,25,9
1562.2,1665.4,0.11892,0.031411,60,0.5,5,0
1607.8,1705.7,0.11799,0.030144,60,0.5,5,1
1594.9,1696.6,0.11809,0.031179,60,0.5,5,2
1594.2,1690.7,0.11944,0.030584,60,0.5,5,3
1622.5,1716.9,0.12011,0.030179,60,0.5,5,4
1605.7,1701.7,0.12419,0.030011,60,0.5,5,5
1539.3,1637.8,0.11876,0.029664,60,0.5,5,6
1536.7,1627.5,0.12473,0.030133,60,0.5,5,7
1549.8,1648.1,0.13145,0.029809,60,0.5,5,8
1583,1680.6,0.12842,0.033304,60,0.5,5,9
5379.3,5557.2,0.11845,0.030009,60,1,10,0
5241.5,5426.2,0.12777,0.030533,60,1,10,1
5327.6,5494.9,0.12326,0.029828,60,1,10,2
5368.2,5517.7,0.13966,0.030617,60,1,10,3
5301.5,5458.6,0.13446,0.030252,60,1,10,4
5361.5,5529.8,0.11963,0.031824,60,1,10,5
5263.4,5432.6,0.12437,0.030728,60,1,10,6
5332.7,5510,0.1165,0.03049,60,1,10,7
5308.2,5479.1,0.11872,0.030239,60,1,10,8
5321,5496.9,0.11972,0.030913,60,1,10,9
7773.7,8031.2,0.12211,0.031197,60,1,15,0
7663.1,7916.6,0.1331,0.030743,60,1,15,1
7822.9,8099,0.12594,0.030356,60,1,15,2
7838.2,8072.2,0.12617,0.030835,60,1,15,3
7661.3,7914.9,0.12209,0.03213,60,1,15,4
7830.5,8078.3,0.12649,0.030275,60,1,15,5
7832.5,8063.9,0.12139,0.031398,60,1,15,6
7864.2,8130.5,0.12654,0.030076,60,1,15,7
7639.5,7890.9,0.12783,0.03122,60,1,15,8
7687.5,7945.3,0.12014,0.03024,60,1,15,9
893.68,900,0.090375,0.030057,60,1,1,0
893.59,900,0.091351,0.03153,60,1,1,1
894.96,900,0.092075,0.030961,60,1,1,2
893.72,900,0.096615,0.030884,60,1,1,3
894.81,900,0.090389,0.030494,60,1,1,4
892.62,900,0.090968,0.030248,60,1,1,5
894.72,900,0.09248,0.029683,60,1,1,6
894.09,900,0.093872,0.0323,60,1,1,7
895.94,900,0.091016,0.030682,60,1,1,8
896.07,900,0.090447,0.030322,60,1,1,9
9933.5,10236,0.12017,0.03003,60,1,20,0
10365,10662,0.12497,0.029931,60,1,20,1
10320,10651,0.13383,0.032248,60,1,20,2
10246,10593,0.1284,0.029878,60,1,20,3
10116,10439,0.12065,0.03136,60,1,20,4
10228,10549,0.1188,0.029908,60,1,20,5
10243,10589,0.13433,0.030857,60,1,20,6
10333,10652,0.1321,0.031016,60,1,20,7
10278,10588,0.11254,0.029959,60,1,20,8
10347,10731,0.12331,0.031317,60,1,20,9
12707,13124,0.11929,0.03012,60,1,25,0
12629,13033,0.12034,0.029913,60,1,25,1
12819,13264,0.12711,0.030181,60,1,25,2
12653,13100,0.11931,0.030079,60,1,25,3
12328,12732,0.12438,0.030251,60,1,25,4
12436,12909,0.12019,0.030005,60,1,25,5
12534,12966,0.11941,0.030282,60,1,25,6
12723,13116,0.12049,0.029668,60,1,25,7
12664,13080,0.1297,0.030848,60,1,25,8
12687,13107,0.12707,0.029821,60,1,25,9
2884.2,2956,0.12829,0.030417,60,1,5,0
2908.7,2992.3,0.13416,0.030474,60,1,5,1
2912,2996.9,0.11961,0.030695,60,1,5,2
2880.8,2963.9,0.11974,0.029806,60,1,5,3
2881.1,2960.1,0.12792,0.030342,60,1,5,4
2835.3,2924.7,0.11925,0.030627,60,1,5,5
2895.4,2978.1,0.12556,0.0299,60,1,5,6
2864.1,2947.3,0.1293,0.030616,60,1,5,7
2852,2940.1,0.13234,0.029886,60,1,5,8
2841.9,2927.3,0.12566,0.030083,60,1,5,9
3408.3,3637.3,0.15706,0.033101,65,0.5,10,0
3439.8,3638.6,0.14316,0.032941,65,0.5,10,1
3605.8,3806,0.14097,0.032995,65,0.5,10,2
3496.4,3709.8,0.14647,0.032887,65,0.5,10,3
3469.4,3673,0.13335,0.032841,65,0.5,10,4
3441.1,3637,0.14287,0.03242,65,0.5,10,5
3469.4,3677.1,0.14269,0.032806,65,0.5,10,6
3535.3,3757.6,0.13844,0.034514,65,0.5,10,7
3332.2,3534.6,0.13373,0.032182,65,0.5,10,8
3519.3,3732,0.14029,0.032673,65,0.5,10,9
4910.1,5218.3,0.13378,0.032371,65,0.5,15,0
5006.4,5308.3,0.13979,0.033205,65,0.5,15,1
5071.5,5386.4,0.13176,0.032616,65,0.5,15,2
5243.3,5543.1,0.13638,0.033064,65,0.5,15,3
4988.1,5321.7,0.13876,0.0338,65,0.5,15,4
5071.5,5352.5,0.14049,0.034534,65,0.5,15,5
4775.8,5062.7,0.15074,0.033182,65,0.5,15,6
5062.1,5386.5,0.13868,0.033635,65,0.5,15,7
4866.4,5185.5,0.13145,0.033373,65,0.5,15,8
4982.8,5300.9,0.13053,0.032429,65,0.5,15,9
605.76,636.82,0.16927,0.035255,65,0.5,1,0
591.93,625.66,0.15961,0.032555,65,0.5,1,1
619.43,650.65,0.1564,0.033262,65,0.5,1,2
605.68,640.28,0.16298,0.032168,65,0.5,1,3
611.54,645.12,0.15923,0.032507,65,0.5,1,4
616.59,644.87,0.15185,0.034078,65,0.5,1,5
595.2,626.74,0.15952,0.032471,65,0.5,1,6
595.96,627.47,0.16142,0.032614,65,0.5,1,7
589.69,620.15,0.15926,0.032272,65,0.5,1,8
625.7,655.46,0.1516,0.032353,65,0.5,1,9
6719,7131.4,0.14018,0.032451,65,0.5,20,0
6445.5,6858.6,0.13691,0.033617,65,0.5,20,1
6678.8,7093.8,0.12989,0.032676,65,0.5,20,2
6913.6,7338.2,0.13496,0.032709,65,0.5,20,3
6247.6,6667.5,0.13814,0.032796,65,0.5,20,4
6794,7192.8,0.13819,0.032015,65,0.5,20,5
6214.1,6602.3,0.137,0.032502,65,0.5,20,6
6365.6,6781.1,0.13682,0.033296,65,0.5,20,7
6581.7,6972.4,0.12901,0.033028,65,0.5,20,8
6563.9,6989.9,0.12691,0.033148,65,0.5,20,9
8014.7,8486.7,0.14523,0.03262,65,0.5,25,0
8373.7,8895.3,0.1368,0.033464,65,0.5,25,1
7945.1,8438,0.12853,0.033174,65,0.5,25,2
8284.4,8760.7,0.14277,0.033596,65,0.5,25,3
8239.1,8761.2,0.1303,0.032567,65,0.5,25,4
8449,8992.3,0.12791,0.033123,65,0.5,25,5
8013.1,8542.1,0.12779,0.032837,65,0.5,25,6
8485.4,9001.3,0.13764,0.032549,65,0.5,25,7
8251.4,8756,0.13642,0.035499,65,0.5,25,8
8173.7,8661.7,0.13728,0.032955,65,0.5,25,9
1842.3,1954.4,0.15356,0.033155,65,0.5,5,0
1873,1980.7,0.13466,0.032648,65,0.5,5,1
1766.6,1876.3,0.1389,0.032333,65,0.5,5,2
1819.3,1927.7,0.1424,0.0329,65,0.5,5,3
1901.6,2009.2,0.13717,0.032998,65,0.5,5,4
1879.1,1989.2,0.1438,0.032502,65,0.5,5,5
1845.9,1962.4,0.1354,0.032606,65,0.5,5,6
1798.9,1905.1,0.14622,0.032597,65,0.5,5,7
1862.2,1980.8,0.13503,0.032787,65,0.5,5,8
1852.6,1959.9,0.13549,0.032666,65,0.5,5,9
6298.1,6515.7,0.13444,0.032155,65,1,10,0
6266.5,6459.4,0.15142,0.032565,65,1,10,1
6105.9,6288.1,0.15001,0.033296,65,1,10,2
6277.6,6467.1,0.1389,0.032497,65,1,10,3
6361.1,6564.5,0.15072,0.032351,65,1,10,4
6253.1,6429.7,0.14305,0.032568,65,1,10,5
6161.5,6355.4,0.13476,0.033026,65,1,10,6
6294.6,6486.4,0.14799,0.032472,65,1,10,7
6229.3,6426.6,0.13674,0.032354,65,1,10,8
6238.8,6447.2,0.13593,0.032902,65,1,10,9
9182.4,9503.4,0.1418,0.032303,65,1,15,0
9271.7,9541.5,0.14196,0.03238,65,1,15,1
9060.3,9343.5,0.13596,0.032457,65,1,15,2
9060.1,9373.4,0.15094,0.03262,65,1,15,3
9097.3,9392.3,0.13321,0.032937,65,1,15,4
9322.8,9603.3,0.14197,0.03281,65,1,15,5
9059.4,9323.1,0.15035,0.032902,65,1,15,6
9226.4,9526.8,0.14262,0.033352,65,1,15,7
8975.2,9283.1,0.14374,0.033302,65,1,15,8
9172.6,9445,0.18768,0.033177,65,1,15,9
1051.3,1056.2,0.10373,0.033079,65,1,1,0
1048.3,1056.2,0.10315,0.032139,65,1,1,1
1050.7,1056.2,0.10392,0.032449,65,1,1,2
1051.4,1056.2,0.107,0.034259,65,1,1,3
1049.3,1056.2,0.10345,0.033726,65,1,1,4
1050.9,1056.2,0.10286,0.032856,65,1,1,5
1049.7,1056.2,0.10383,0.032775,65,1,1,6
1050.9,1056.2,0.10263,0.033158,65,1,1,7
1050.4,1056.2,0.1035,0.032166,65,1,1,8
1050.3,1056.2,0.10374,0.032038,65,1,1,9
11963,12340,0.1534,0.032701,65,1,20,0
11977,12368,0.13402,0.032753,65,1,20,1
11753,12154,0.13564,0.032992,65,1,20,2
11845,12253,0.13839,0.033245,65,1,20,3
12096,12486,0.13532,0.032289,65,1,20,4
11894,12257,0.13516,0.032933,65,1,20,5
11693,12055,0.14264,0.032579,65,1,20,6
11749,12146,0.1287,0.032396,65,1,20,7
11736,12081,0.12807,0.032938,65,1,20,8
11832,12217,0.13553,0.032283,65,1,20,9
14724,15217,0.14279,0.033243,65,1,25,0
14919,15408,0.15332,0.032455,65,1,25,1
14988,15463,0.1375,0.033148,65,1,25,2
14772,15259,0.13452,0.032298,65,1,25,3
14789,15293,0.14477,0.032317,65,1,25,4
14639,15099,0.14583,0.032847,65,1,25,5
14672,15141,0.14211,0.033557,65,1,25,6
14607,15109,0.13382,0.032801,65,1,25,7
14888,15365,0.13606,0.03306,65,1,25,8
15189,15643,0.15325,0.032483,65,1,25,9
3394.8,3486.6,0.15085,0.034504,65,1,5,0
3321.9,3416.3,0.1431,0.032335,65,1,5,1
3357.6,3456.9,0.15118,0.032927,65,1,5,2
3330.9,3425.6,0.15618,0.034362,65,1,5,3
3370.8,3466,0.14396,0.034686,65,1,5,4
3384.9,3476.3,0.19505,0.037113,65,1,5,5
3344.6,3443.6,0.15895,0.035984,65,1,5,6
3399,3496.9,0.13488,0.0497,65,1,5,7
3417.2,3508.3,0.13947,0.032643,65,1,5,8
3377.6,3485.1,0.15001,0.033573,65,1,5,9
4013.2,4252,0.20658,0.034954,70,0.5,10,0
3993.8,4222.6,0.15001,0.036099,70,0.5,10,1
3942.5,4185.5,0.14944,0.035544,70,0.5,10,2
4022.1,4257.1,0.16328,0.035093,70,0.5,10,3
3731.2,3942.3,0.15832,0.035181,70,0.5,10,4
3899.4,4126.1,0.15029,0.03613,70,0.5,10,5
3822.9,4060.7,0.15082,0.035208,70,0.5,10,6
4017.6,4240.8,0.15821,0.034666,70,0.5,10,7
4011.5,4255.8,0.15188,0.036074,70,0.5,10,8
4047.5,4298.7,0.14297,0.037652,70,0.5,10,9
5580.4,5951.7,0.16241,0.035716,70,0.5,15,0
5736.4,6096,0.14852,0.035178,70,0.5,15,1
5755.1,6095.4,0.14529,0.035084,70,0.5,15,2
5798.1,6162.3,0.15028,0.035031,70,0.5,15,3
5719.3,6067.2,0.14237,0.034692,70,0.5,15,4
6128.9,6491.1,0.15194,0.035892,70,0.5,15,5
5649.1,5983.5,0.15568,0.035376,70,0.5,15,6
5707.9,6079.2,0.14231,0.036413,70,0.5,15,7
5756.2,6100.3,0.15187,0.035056,70,0.5,15,8
5642.9,5987.6,0.14143,0.034968,70,0.5,15,9
708.43,745.48,0.17329,0.035256,70,0.5,1,0
702.35,736.69,0.17582,0.035383,70,0.5,1,1
719.87,758.01,0.17395,0.035021,70,0.5,1,2
685.88,723.57,0.17417,0.036058,70,0.5,1,3
694.99,733.04,0.18444,0.034972,70,0.5,1,4
709.56,746.64,0.18422,0.034654,70,0.5,1,5
670.08,707.15,0.1764,0.035404,70,0.5,1,6
700.81,740.25,0.1822,0.035024,70,0.5,1,7
709.11,744.55,0.17453,0.035441,70,0.5,1,8
697.05,731.77,0.17419,0.03439,70,0.5,1,9
7159.6,7656.2,0.15138,0.034716,70,0.5,20,0
7852.5,8312.9,0.14523,0.035056,70,0.5,20,1
7805.2,8261.1,0.18039,0.034697,70,0.5,20,2
7709.5,8169.5,0.15094,0.035019,70,0.5,20,3
7486.9,7962.6,0.1507,0.035016,70,0.5,20,4
7550,7984.7,0.16159,0.035379,70,0.5,20,5
7457,7938.6,0.15288,0.035155,70,0.5,20,6
7735,8175.6,0.14869,0.035085,70,0.5,20,7
7472.1,7906.4,0.1595,0.035615,70,0.5,20,8
7376.3,7833.1,0.15385,0.03508,70,0.5,20,9
9397.3,9956.6,0.15318,0.035315,70,0.5,25,0
9127.3,9670,0.17183,0.036068,70,0.5,25,1
9854,10464,0.15881,0.035007,70,0.5,25,2
9328.7,9899.8,0.14998,0.035309,70,0.5,25,3
9458.8,10052,0.15236,0.035218,70,0.5,25,4
9126.2,9715.6,0.14557,0.03519,70,0.5,25,5
9773.5,10383,0.14332,0.035193,70,0.5,25,6
9320.9,9876.5,0.14155,0.034905,70,0.5,25,7
9568.4,10150,0.15029,0.035026,70,0.5,25,8
9395.8,9945.7,0.1556,0.035093,70,0.5,25,9
2138.3,2264.2,0.16022,0.03573,70,0.5,5,0
2252.9,2386.6,0.16378,0.037618,70,0.5,5,1
2127.7,2261.3,0.16058,0.035616,70,0.5,5,2
2151.6,2280.9,0.16011,0.035324,70,0.5,5,3
2075.1,2195.6,0.16371,0.03554,70,0.5,5,4
2062.6,2197.5,0.16805,0.034568,70,0.5,5,5
2140.9,2267.8,0.15232,0.036379,70,0.5,5,6
2188.8,2311.5,0.16015,0.035998,70,0.5,5,7
2119.7,2248.1,0.15091,0.035311,70,0.5,5,8
2096.2,2227.1,0.16317,0.036093,70,0.5,5,9
7178.6,7413.3,0.15224,0.035203,70,1,10,0
7180.8,7391.6,0.15145,0.034888,70,1,10,1
7244.7,7452.3,0.16072,0.034862,70,1,10,2
7177.3,7405,0.1591,0.034663,70,1,10,3
7100.2,7321.5,0.16669,0.035023,70,1,10,4
7226.6,7452,0.16116,0.035286,70,1,10,5
7248.2,7450.7,0.16218,0.036925,70,1,10,6
7147.6,7344.3,0.15304,0.035641,70,1,10,7
7162.3,7376.2,0.15861,0.035276,70,1,10,8
7179.9,7392.4,0.16209,0.034675,70,1,10,9
10455,10780,0.16224,0.035235,70,1,15,0
10524,10860,0.16083,0.035148,70,1,15,1
10597,10900,0.16027,0.035691,70,1,15,2
10466,10815,0.15217,0.035279,70,1,15,3
10589,10897,0.15353,0.035464,70,1,15,4
10490,10840,0.15466,0.034975,70,1,15,5
10604,10933,0.1609,0.035652,70,1,15,6
10405,10717,0.17013,0.034669,70,1,15,7
10601,10939,0.16055,0.034947,70,1,15,8
10500,10824,0.15349,0.0348,70,1,15,9
1219.6,1225,0.12098,0.034966,70,1,1,0
1218.2,1225,0.11653,0.034949,70,1,1,1
1218.3,1225,0.11646,0.035561,70,1,1,2
1219.4,1225,0.11706,0.034962,70,1,1,3
1219.3,1225,0.12479,0.034628,70,1,1,4
1218.6,1225,0.1165,0.034954,70,1,1,5
1217.6,1225,0.117,0.036073,70,1,1,6
1220.2,1225,0.11792,0.03605,70,1,1,7
1217.9,1225,0.11726,0.035487,70,1,1,8
1218,1225,0.11991,0.034803,70,1,1,9
13967,14410,0.16328,0.036709,70,1,20,0
13857,14303,0.15576,0.036747,70,1,20,1
13835,14275,0.15593,0.035391,70,1,20,2
13508,13923,0.15376,0.034998,70,1,20,3
13969,14371,0.17474,0.034603,70,1,20,4
13935,14388,0.1632,0.034782,70,1,20,5
13795,14221,0.16201,0.034555,70,1,20,6
13755,14182,0.16077,0.035046,70,1,20,7
13751,14168,0.16219,0.035325,70,1,20,8
13878,14338,0.15358,0.035585,70,1,20,9
17244,17758,0.15489,0.034759,70,1,25,0
17087,17585,0.16411,0.035224,70,1,25,1
17173,17716,0.1631,0.035517,70,1,25,2
17016,17597,0.15341,0.034812,70,1,25,3
17038,17572,0.15354,0.035224,70,1,25,4
17127,17664,0.16079,0.035029,70,1,25,5
17296,17873,0.167,0.035853,70,1,25,6
17118,17622,0.16312,0.035262,70,1,25,7
17113,17636,0.15608,0.035322,70,1,25,8
16863,17410,0.15568,0.036166,70,1,25,9
3884.3,3986.9,0.16353,0.036694,70,1,5,0
3927.7,4037,0.16687,0.035538,70,1,5,1
3934,4043,0.17009,0.035531,70,1,5,2
3913,4028,0.16553,0.035935,70,1,5,3
3880.7,3992,0.17549,0.035991,70,1,5,4
3887.7,3990.8,0.16302,0.037308,70,1,5,5
3886.1,3999.2,0.16376,0.036436,70,1,5,6
3881.2,3992,0.16273,0.035443,70,1,5,7
3915,4033.4,0.15312,0.035629,70,1,5,8
3921.1,4023.4,0.1825,0.037199,70,1,5,9
